0110000100101111 1101000000100001 1111010101011001 663.307757 -33.016837 -21900.324281
1110000011010101 1101000101010011 0111011001101110 -618.414753 -42.596334 26342.201349
1100100011000000 0110111000111100 1111101101100111 -9.502105 6382.489574 -60647.085879
0011100111001010 0111100010010001 0111011010011011 0.723406 37401.587104 27056.537478
1110000111110111 0100110111111010 1111010001110101 -763.665583 23.909167 -18258.607622
1110101111111101 0100101101101101 1111101101101010 -4089.779640 14.851732 -60740.311619
1101110011100110 1101001011000111 0111010000100110 -313.387585 -54.226670 16993.965176
0011111101010111 1111011001001010 1111100111000101 1.834823 -25752.078832 -47250.498426
0110101000010101 1100110001001111 1111101010001101 3113.418989 -17.232082 -53650.691579
0110000111001011 0101010011101011 0111101100011111 741.494893 78.692301 58349.939059
1100011100110110 0110010001000001 1110111110101100 -7.210535 1089.358661 -7854.858468
1101011101110010 0101011110000010 1111001011111100 -119.099819 120.095876 -14303.397044
1011100010001110 1111000000101111 0110110011000100 -0.569406 -8570.359563 4880.011204
1110110101100101 1100100010001000 0111101000011100 -5524.973975 -9.060500 50059.024098
0101100001011111 1101000100110110 1110110110110011 139.933094 -41.698432 -5834.990607
1111101011011010 1011100000111010 0111011100111101 -56121.052320 -0.528151 29640.380069
1100010011001000 0101111101011000 1110100001100011 -4.779952 470.031145 -2246.726518
1011110011000010 0110101001110100 1110101110101101 -1.189476 3304.216959 -3930.286891
1111101110000001 1010110000000101 0110101110001011 -61478.212440 -0.062834 3862.901911
1100001110001010 0111001110111000 1111101101000110 -3.770002 15805.708185 -59587.552127
1011100110100010 1110001111011001 0110000110000111 -0.704211 -1004.616012 707.461452
1101100000000011 0101110110101101 1111100110110001 -128.419609 363.152054 -46635.844934
1110100011010101 1100101010111001 0111100000010000 -2474.621749 -13.444874 33270.978759
0110110011101000 0100100000011010 0111100100001000 5023.817317 8.201047 41200.560912
0111011011001110 1011111111111000 1111101011000111 27870.918602 -1.992282 -55526.739817
1110010000100100 1100111000011001 0111011001010000 -1059.891770 -24.387426 25848.031904
1110101110111100 0100010011010100 1111010010101010 -3959.250029 4.827086 -19111.641798
0111011011110011 0011111001101110 0111100110010110 28468.432535 1.607797 45771.474456
1101001111010000 1110000111010000 0111100110101110 -62.502513 -744.180869 46513.174756
0010010000011111 1111100110010100 1110000110111111 0.016101 -45687.867935 -735.617488
1011110011101001 1110000101100101 0110001010100000 -1.227775 -690.684735 848.005247
0011100111010101 0111010011000111 0111001011110111 0.729048 19561.571493 14261.330398
1100000010010101 0111001110001110 1111100001010011 -2.290451 15470.591217 -35434.635061
1110101101110100 0100011000001010 1111010110100001 -3815.628242 6.040921 -23049.907977
0111100000111001 0011011011101011 0111001101001110 34596.214493 0.432429 14960.416142
1101011010011000 0101110010000111 1111011101110111 -105.476580 289.870770 -30574.577487
0110111000110010 1100000011010000 1111001101110100 6343.685571 -2.406174 -15264.008896
1110111101110101 1100000101111111 0111010100100000 -7635.522821 -2.748547 20986.596931
1110111100100011 0011111011100011 1111001000100100 -7307.044238 1.721479 -12578.924128
0011100110001101 0111100011001011 0111011010100110 0.693891 39256.709526 27239.883671
1111001100101011 0100000000000100 1111011100110001 -14679.499409 2.007079 -29462.921504
1011010101110101 0111101001101100 1111010001100001 -0.341054 52594.634817 -17937.615654
0110001000111101 1100100001110011 1110111011110001 798.740322 -8.896760 -7106.200560
0100000011000010 1111001111001011 1111100010100010 2.378374 -15961.390675 -37962.152593
1100110001011100 0011110011110101 1100110101100111 -17.442019 1.239322 -21.616284
1100110100000100 0110011001011010 1111011111110111 -20.063426 1626.051153 -32624.156251
0011110010101010 0111101000100101 0111101100101011 1.165935 50350.307286 58705.164547
1011110010001010 1111011110110010 0111100001011101 -1.134532 -31518.506468 35758.764062
0111011101100101 1010110100010011 1110100010110000 30286.239607 -0.079271 -2400.831523
1100110000010101 0110000000011111 1111000000110101 -16.334347 527.666381 -8619.085755
1011110110000110 1111000010000110 0111001000111110 -1.380907 -9260.294816 12787.604680
0011001010100100 0111011010100001 0110110110000001 0.207525 27153.453467 5635.016043
0111001011001001 1100000000001010 1111011011011010 13895.126675 -2.019443 -28060.420899
0101001100011100 1110001000111001 1111100110001000 56.889334 -796.560985 -45315.824245
0111101101110100 1011011001100011 1111010111110011 61047.627300 -0.399188 -24369.456987
1101011011001001 0101111010110110 1111100110110001 -108.538684 429.585279 -46626.620998
0110010101001110 0101000010101010 0111101000101110 1357.563703 37.301985 50639.820294
0100000111111100 1101110000010101 1110001000011100 2.992981 -261.353515 -782.226119
0011110100100010 0111011001010110 0111100000010001 1.283524 25955.026118 33313.903802
0110011000110010 0100000011000111 0110101101100111 1586.279395 2.389016 3789.646348
1110100100001111 0100101000000101 1111011110011100 -2589.662095 12.035655 -31168.278862
1110010000111110 0101001100100011 1111101110010010 -1086.049467 57.093824 -62006.717025
1111011111111101 0011110011010100 1111100011010011 -32718.269679 1.207504 -39507.432358
1101100101000110 1101100101011100 0111011100010001 -168.787409 -171.462916 28940.781285
1101010100011101 1110000000111100 0111100101101001 -81.794926 -541.806898 44317.055092
1111011110000100 1011010000011110 0110111110111101 -30790.533956 -0.257309 7922.695699
1100100110011111 0110110011011101 1111101011010101 -11.244301 4978.707629 -55982.086209
0011001100110110 0111010111001011 0110110100111001 0.225393 23732.022021 5349.041140
0100100001011000 0110100000010100 0111010001101110 8.685156 2088.583750 18139.675116
0110111010100010 0100010011000010 0111011111100100 6793.499784 4.758414 32326.287452
1100010001110111 1111000000000111 0111100001111111 -4.466617 -8246.033833 36831.874004
1100111011111101 1110000100000001 0111010001100000 -27.958499 -640.731518 17913.891213
0111001001010011 1100010000010010 1111101001110000 12955.039268 -4.069803 -52724.456107
0011100111111100 1111100000000010 1111011000000000 0.748202 -32844.222264 -24574.105850
1111011100001100 1011110110101100 0111100011111111 -28865.785588 -1.418143 40935.820303
1101101000111001 0101011100011110 1111010110001000 -199.069446 113.847875 -22663.633381
0111001000100111 0011011111000101 0110110111111010 12601.053091 0.485566 6118.638657
0100000000110100 0111010011010110 0111100100010101 2.102192 19802.752590 41629.196420
0111000011110101 0100011001011111 0111101111100110 10155.257036 6.371406 64703.262687
1011101100001101 0110100010000000 1110011111101110 -0.881148 2303.510876 -2029.733276
1011100101011111 1111010100101011 0111001011110001 -0.671199 -21175.470178 14212.955118
0101010100011011 0110000111010111 0111101101110100 81.681288 747.424497 61050.595669
1101111000100000 0100110010100110 1110111100011111 -392.093444 18.596665 -7291.630270
1111101001100101 1011101010001000 0111100100111000 -52383.795022 -0.816319 42761.881601
1111010011011101 1100001001011110 0111101110111110 -19916.941351 -3.184043 63416.397031
1011111001000101 0110110000110000 1110111010010000 -1.566959 4289.457485 -6721.403928
0100100011110001 0110101101101111 0111100010011000 9.885918 3805.982285 37625.628358
1100010101111011 0110111010110000 1111100010010101 -5.481697 6849.036063 -37544.341860
1011111100100101 1110101000101101 0110110110000100 -1.786548 -3161.104746 5647.465501
1110011000011100 1100110111100000 0111100001111101 -1564.159835 -23.505115 36765.756123
1011111101111000 1111001100000010 0111011010001010 -1.867084 -14349.307155 26791.359197
1100110011111100 0110010011111001 1111011000110011 -19.941876 1273.249838 -25390.990811
0100001111001100 1110101110100000 1111001101101111 3.898736 -3904.406934 -15222.252042
1010101101010100 1110011110110010 0101011100001101 -0.057252 -1970.430302 112.811326
0100000010001100 0111010111101011 0111101010111010 2.272591 24247.285933 55104.173654
0110000000001001 1101000011110110 1111010100000001 516.428473 -39.687636 -20495.825275
1101001111111001 1101110011101001 0111010011100100 -63.772701 -314.239979 20039.932207
1011001011111110 0111011100000001 1110111000011111 -0.218474 28680.878149 -6266.016584
1111011110101000 0011010010100101 1111000001110001 -31354.940450 0.290170 -9098.271602
1111100110110100 1011110011111011 0111101100011011 -46735.808395 -1.245338 58201.882995
