1110110011010101 1110111110111011 1111001001001000 -4948 -7917 -12865
0111011110101110 1111011110111100 1101101010111000 31459 -31674 -215
1111011000110111 1111010101101011 1111100111010001 -25453 -22189 -47642
1110100111011000 1111101010100101 1111101100000010 -2991 -54428 -57419
1110100100100011 0111100110110010 0111100101100000 -2630 46667 44037
1111010011001101 0111011000011010 0110110100111000 -19657 24999 5342
0111011101010100 1111010110001010 0110111100101011 30022 -22683 7339
0111000011001011 1111100111001001 1111100010010110 9819 -47395 -37576
1111000000110011 0111101111111100 0111101011110000 -8598 65421 56823
1111011001110001 1111000011100100 1111100001110001 -26379 -10014 -36393
0111101000011101 1111001111101101 0111100000100001 50067 -16232 33835
0111011000110100 1111011100001111 1110101011011100 25403 -28916 -3513
0111100111001101 1111101110100100 1111001101011110 47521 -62607 -15086
0111100100101000 1110100011110010 0111100011011001 42236 -2532 39704
0111010001111100 0110111011011110 0111011000110011 18367 7030 25397
1111011101110001 1111100000010000 1111101111001000 -30487 -33267 -63754
1111010110101011 0111101101011000 0111100010000010 -23222 60163 36941
0111000010111001 1110011101010010 0110111110011110 9674 -1874 7800
1111001001001011 0111100111010000 0111100000111101 -12889 47616 34727
0111101111000010 1111010010011000 0111100101110110 63558 -18809 44749
1111001101010111 1111100101011010 1111101100110000 -15032 -43851 -58883
1111100110101001 0111101100011010 0111000111000100 -46375 58180 11805
0111100000010110 1111010010011100 0111001100011110 33457 -18882 14575
1110101011100110 0111010010010111 0111001101110100 -3533 18800 15267
0111011000001001 1111101011111001 1111011111101001 24717 -57112 -32395
0111100110010010 0111010010100101 0111101111100100 45617 19020 64637
1111100000110011 0111101011001001 0111010100101100 -34402 55578 21176
0111001100000111 0110110101101000 0111010011011101 14389 5538 19927
1111000101000100 0111101100010111 0111100111000110 -10783 58075 47292
1111010011100001 0111100010100111 0111010001101100 -19984 38101 18117
0110101001100010 1111011001110001 1111010110100100 3269 -26379 -23110
0110111100111000 1111100001011100 1111011011101011 7392 -35728 -28336
1111100001001010 0111001000110010 1111010101111011 -35129 12687 -22442
0111100011000010 1111100110100110 1110111100100010 38966 -46272 -7306
0111101101010111 1111011110011100 0111011100010010 60136 -31168 28968
0111000000100001 1111101111000101 1111101010111101 8459 -63645 -55186
1111010110110110 0111101101100011 0111100010001000 -23399 60524 37125
0110111100110110 1110100111001000 0110110001010010 7385 -2959 4426
1111101001001011 0111101101110111 0111000010110000 -51539 61142 9603
0111011011111110 1111010100010110 0110111110100010 28641 -20827 7814
0111010000100011 0111100001000001 0111101001010011 16949 34850 51799
0111001110010111 1111100111101001 1111100000000011 15544 -48423 -32879
1111100000000001 0110100001000010 1111011101111010 -32807 2180 -30627
0111100000001111 0111010010000000 0111101001001111 33245 18428 51673
1111101010011110 1110111010111011 1111101101110101 -54200 -6891 -61091
1111101111110000 0110011010100100 1111101110111011 -65023 1700 -63323
0110011000110011 1111101010111010 1111101010001001 1587 -55117 -53530
0111011010111010 0111100001100111 0111101111000100 27550 36051 63601
1111000001000000 1111011010100000 1111100001100000 -8703 -27143 -35846
1111101001001001 0111100011110011 1111000101011001 -51486 40533 -10953
1111101111110111 0111001000110011 1111101001101011 -65262 12699 -52563
1111011100000100 0111100101101010 0111001110100000 -28737 44350 15613
1110111000000110 1111000110000110 1111010001000101 -6169 -11315 -17484
0111100101001111 0111000000110111 0111101001011101 43496 8635 52131
0111011011110011 1111011110111011 1110101001000000 28460 -31661 -3201
0111011110010000 1111010101011000 0111000001110001 30983 -21887 9096
1111100010011010 1111001000111010 1111101000101001 -37708 -12752 -50460
0110110001000000 0111011010001100 0111011110011100 4353 26822 31175
0110110100001100 1110101000010010 0110100000000101 5167 -3109 2058
0111010000011111 1111101001110110 1111100001100110 16881 -52917 -36036
1111010010100100 0111101010000010 0111100000101111 -19011 53297 34286
0111000110100010 0110111011010011 0111010010000110 11532 6989 18521
1111100010101101 0111001100110101 1111010111000000 -38310 14761 -23549
1111100001101111 0111100101011001 0110111101010000 -36314 43803 7489
0111100111010001 1111101100000101 1111000011010001 47641 -57508 -9867
1111000001101111 0111010110001001 0111001010100100 -9082 22678 13596
0111011110101001 0110111001101100 0111100010100010 31371 6575 37946
1111011100111000 0111010110001101 1110111010101101 -29572 22736 -6836
1111100010101001 1111001111010110 1111101010011110 -38162 -16052 -54214
0111100011001000 0111001110110001 0111101010110100 39175 15749 54924
0111001001110111 1111001110011110 1110100010011010 13240 -15597 -2357
0111100101000010 1110111011011111 0111100001100110 43077 -7037 36040
1111011011010001 0110111011001000 1111010100011111 -27918 6943 -20975
1111101101101000 0111100011100110 1111010100000100 -60684 40139 -20545
0111101111100111 1111100000011110 0111011110010010 64725 -33713 31012
0110111010101110 0111001110110001 0111010110000100 6841 15751 22592
0111100101110000 0111010010000101 0111101110110011 44548 18512 63060
1111100101101111 1111001101110000 1111101101001011 -44521 -15230 -59751
1111001001000010 1111011000000111 1111100010010100 -12819 -24684 -37503
1111010010100001 1110110111001110 1111011000010100 -18957 -5943 -24900
0111100110001111 1111001111110110 0111011100100010 45527 -16303 29224
0111010100011001 0111011101101001 0111101001000001 20886 30347 51233
1111001100010001 1111001001111011 1111011011000110 -14475 -13272 -27747
0111001000101000 1111101010100101 1111100100011011 12611 -54422 -41811
0111100000011111 0111000110010110 0111100110000101 33771 11441 45212
0111101001101001 1111100010110011 0111001011011001 52522 -38498 14024
0111001111011110 1111100011001000 1111010110100001 16116 -39176 -23060
1111101000001100 1110101110011110 1111101010000110 -49539 -3901 -53440
1111101000001000 0111100001001110 1111001011101000 -49419 35272 -14147
1111000110110000 0111100100111110 0111011110100100 -11650 42938 31288
1111001000100000 0111100010101100 0111011001001000 -12548 38284 25736
1111100011001010 1111010011001000 1111101100101110 -39229 -19576 -58805
0111011000000011 1110110111101001 0111010010001001 24622 -6051 18571
0111010011000100 0111010110000100 0111100100100100 19514 22587 42101
0111100101100010 1111100100000001 0110101000011000 44111 -40990 3121
0111100110110110 1111001111011111 0111011101111100 46772 -16123 30649
1110000100011110 0111101110111111 0111101110101010 -655 63451 62796
1111010111111001 0111100111000111 0111010110010100 -24470 47324 22854
0111101001101000 1111101110100011 1111000011101100 52493 -62573 -10080
1111100111011000 0111101001100000 0110110001000110 -47859 52233 4374
0111100100011010 0111001010000010 0111101010111010 41780 13324 55104
1110101100110110 0111000111001011 0110111111111010 -3693 11861 8168
0111001000111110 1111011010110000 1111001100100001 12781 -27384 -14603
1111100111110100 0111100001000100 1111001011000000 -48773 34949 -13824
0110101111110000 0111001111000110 0111010011100001 4064 15920 19984
1101101110100000 0111010001111111 0111010001110000 -244 18417 18173
1111010000101111 0111000100111011 1110111001000100 -17132 10714 -6418
1111010000011100 1111010000110111 1111100000101010 -16835 -17262 -34097
1111101011000010 0111101001010000 1110101100100110 -55374 51714 -3660
0111101001101101 1111100011101011 0111001000001000 52638 -40290 12348
1111010000101010 1111011100001010 1111100110011010 -17053 -28833 -45886
1110000110011010 1111100110001001 1111100110100000 -717 -45348 -46065
0111000001011001 0111011111101111 0111100100001110 8904 32490 41394
0111100111010000 0111010001001100 0111101111110110 47612 17603 65215
1111101111001000 0111010100001111 1111100101000000 -63735 20725 -43010
0111101100100001 1110101100101100 0111101010101110 58402 -3673 54729
1111011000100110 0111001110110001 1111000010011011 -25186 15754 -9432
1110100010111101 0111101000110011 0111100111100111 -2426 50775 48349
0111010110001000 0111100000110011 0111101011110111 22658 34410 57068
1110110001010111 1111101011110011 1111101101111110 -4445 -56943 -61388
1111100110101110 1111000111010100 1111101100100011 -46531 -11936 -58467
0110101000111000 1111011011101001 1111011000100010 3183 -28302 -25119
0111000110110011 0111010100011111 0111011111111000 11670 20978 32648
0111101010100101 1111100101011000 0111000100110010 54430 -43792 10638
0110100100011000 1111100110111100 1111100101101011 2608 -46991 -44383
1110111011101101 0111100011100101 0111100000000111 -7091 40082 32991
1101111100101100 0111010101101000 0111010101001011 -459 22146 21687
1111000011110010 1111000110100111 1111010101001101 -10127 -11579 -21706
0111001000101110 0111000001110010 0111010101010000 12652 9101 21753
0111011110100110 1111001001101001 0111010001110010 31328 -13125 18203
1111011000000100 1110111011000110 1111011110110101 -24638 -6937 -31575
0111010011111110 1111100000101101 1111001010111000 20447 -34203 -13756
0111000100011101 0111010111111110 0111100001000111 10473 24552 35025
0111101100011110 1111101010110101 0110101010010011 58300 -54934 3366
1111100001101000 0111010101111000 1111001010101110 -36087 22407 -13680
0111100111001011 1110100000001111 0111100110001010 47444 -2078 45366
0111010110011001 1111101011111010 1111100000101110 22923 -57159 -34236
1111100111100100 1110101011101110 1111101001010011 -48251 -3549 -51800
1110011011010111 1111000000110000 1111000100001011 -1751 -8579 -10330
1111101011110001 0111100010110100 1111010001111011 -56877 38532 -18345
1111010100111101 0111101001101001 0111011110010110 -21458 52527 31069
1110111000100100 0111101010011000 0111100111010011 -6286 54012 47726
1111100001110001 0110110010000011 1111011111000001 -36383 4621 -31762
1111100010000111 0111101110101010 0111011001000101 -37097 62781 25684
0111100100110110 1111101000011100 1110111100110110 42673 -50056 -7383
1111001001100001 0111100100100100 0111011100011000 -13064 42124 29060
1111010011100010 0111101110110100 0111100101000011 -19992 63110 43118
0111010011010100 0110011001111010 0111010100111011 19773 1658 21431
0111101001011010 0110111110110010 0111101101010000 52027 7882 59909
0111100111101011 1111100101110000 0110101110110000 48470 -44534 3936
0111011001010111 1111101000110011 1111011000010000 25963 -50790 -24827
1111100000001101 0111100000101010 0110001101000000 -33191 34119 928
1110100101100111 0111100100100100 0111100011001110 -2766 42125 39359
0110011100010000 0111101110111110 0111101111110111 1808 63428 65236
1111011101011001 0101100011100000 1111011101010000 -30101 156 -29945
0111010000111011 1111100101000100 1111011001001100 17327 -43126 -25799
0111010011101010 1111000111100001 0110111111100100 20123 -12041 8082
0111011110110001 1111100111111100 1111010001000111 31500 -49020 -17520
0111100010101100 1111101110110111 1111011000010101 38285 -63192 -24907
1111001000110000 1101110100101100 1111001001011010 -12675 -331 -13006
1111101110100001 0111010001100000 1111100101110000 -62486 17928 -44558
1111011111010000 0111010000111110 1111001100100100 -32004 17377 -14627
0111100110000100 1111101111000010 1111010001111100 45173 -63537 -18364
1111101110000010 0111000011010010 1111101001001110 -61508 9875 -51633
0111101000001011 1111010010000011 0111011110010011 49497 -18476 31021
1111011011110110 1111000110110101 1111100011101000 -28515 -11690 -40205
1111100000001100 0111010011110010 1111001001001101 -33166 20263 -12903
0111101010100000 0111000000011010 0111101110100110 54260 8403 62663
0110011111011001 0111101000100111 0111101001100110 2009 50401 52410
1111101110100000 0111100111000010 1111001101111000 -62459 47161 -15298
1111101000011010 0111101011100011 0110111001001010 -49971 56413 6442
0111101110100111 1111100110101000 0111001111111110 62700 -46336 16364
1111001000001100 0111101000000111 0111100010000100 -12385 49361 36976
1111011011101110 0111101100011001 0111011101000011 -28389 58129 29740
1111101101000111 0111100010100000 1111010101001101 -59614 37896 -21718
1110110100100110 0111000000111010 0110101010011010 -5271 8652 3381
1111100010101101 0111101110011011 0111010111011100 -38302 62300 23998
0111100011001000 1111100110101001 1110111100000100 39174 -46360 -7186
0111011011010000 0110010001000100 0111011100010100 27906 1092 28998
1110110110111000 0111101111011011 0111101100100100 -5858 64346 58488
0111101000011010 1111100010010000 0111001000100110 49982 -37392 12590
0111000001010111 1111101101111011 1111101001100110 8886 -61289 -52403
0111100000101010 1111010011101000 0111001011010110 34108 -20104 14004
0111001110001000 1111100000100100 1111010010000101 15420 -33936 -18516
0110011101001101 0111010001011000 0111010011001101 1869 17799 19668
0111010001111101 0111011101001001 0111100111100011 18388 29843 48231
0111100001110101 1111011110100101 0110110100010100 36515 -31316 5199
0111000011111001 0111000111001100 0111010101100010 10181 11868 22049
1111101110001100 0111010111101000 1111100010011000 -61810 24190 -37620
0111010111010011 1111011011000011 1110101110000100 23849 -27697 -3848
1111000010111110 1111101000001001 1111101100111000 -9713 -49432 -59145
0111100011110011 1111101010010111 1111001010010000 40550 -53986 -13436
0111100111111101 1111101000000001 1101100000001000 49046 -49175 -129
0111100101011011 0110110010101000 0111100111110000 43871 4768 48639
1110111101001100 0111100010101000 0111011101111110 -7472 38158 30686
1110110010101100 0111011010010010 0111010101100111 -4784 26911 22127
1111100011111000 1110111010111000 1111100111001111 -40717 -6879 -47596
1111100111101100 0111101010000111 0110110011011100 -48498 53475 4977
0111100100101001 0111000101011011 0111101010000000 42274 10970 53244
0111001111000011 0110001100011000 0111010000011010 15899 908 16807
1110110111101110 0111101001000011 0111100110000101 -6072 51283 45211
1111000010100100 0111100001011001 0111011001100001 -9501 35630 26129
1111011101100000 0111100011010010 0111000010001000 -30209 39492 9283
1111100111110101 0111100100101000 1110111001101010 -48809 42241 -6568
0110101101110010 1111011101110000 1111011010000010 3812 -30472 -26660
1110010110100001 1111101000001110 1111101000111011 -1441 -49595 -51036
0111010101011110 1111101110000101 1111100011010110 21983 -61586 -39603
1111100101001111 0111100000011001 1111000011011010 -43502 33564 -9938
1111100001000100 0111100000001101 1110011011011000 -34936 33184 -1752
1111011100001100 1111010111001101 1111101001101101 -28865 -23761 -52626
1111000010000000 0111101001111101 0111100101011101 -9215 53146 43931
0111000111001111 1111011101100010 1111010001111011 11898 -30248 -18350
0111001100000001 1111101000101100 1111100001101100 14341 -50563 -36222
1111010101110001 0111100111010011 0111011000110101 -22294 47715 25421
1111101010000101 0110101110100011 1111101000001011 -53402 3910 -49492
1111100100000010 0111101000011110 0111000001101111 -41026 50104 9078
0110110001111110 1111011010001111 1111010101101111 4600 -26862 -22262
1111011110010110 0111011110110011 0101111101000100 -31074 31539 465
1111010010010100 1111010110010011 1111100100010011 -18749 -22831 -41580
0111100101000110 1111100010110111 0110110001111001 43206 -38627 4579
0111100000101000 0110100110000110 0111100010000001 34056 2829 36885
0110100001110100 1111010011101001 1111010001011010 2280 -20108 -17828
1110011010100001 1111101000010111 1111101001001100 -1697 -49890 -51587
1111010011111110 0111100111011100 0111011010111001 -20447 47985 27538
1111100100011101 0110100100010110 1111100011001100 -41896 2605 -39291
1111000010111101 0111101111001010 0111101010011011 -9706 63821 54115
1111010010010110 0111100100010111 0111010110011000 -18776 41685 22909
0110101100000100 1111101000101101 1111100110111101 3591 -50604 -47013
0111100101111110 0110010010010011 0111100110100011 44997 1171 46168
0111011011011100 1111100111001111 1111010011000010 28093 -47584 -19491
1111010011110001 0111101010111110 0111100001000101 -20247 55216 34969
0111001110101010 0111100000000111 0111100111110001 15697 32986 48683
0111101100011101 1111100101111011 0111001010000110 58262 -44902 13360
1110010100111010 1111100110100100 1111100111001101 -1338 -46197 -47535
0111101011110010 1111000101001100 0111100110011111 56894 -10852 46042
0111010100001100 0111010110001000 0111100101001010 20666 22657 43323
1110101100100100 1111101101110110 1111101111101000 -3656 -61118 -64774
0111101100101100 1111101101000011 1110000110110000 58750 -59478 -728
1111010000110000 0111100110110000 0111011100110001 -17147 46607 29460
0111010111010100 1111101110101100 1111100011000010 23880 -62863 -38983
1111010011010110 0111011110110000 0111000110110100 -19807 31483 11676
1110101001010100 1111100110111111 1111101000100100 -3239 -47067 -50306
1111101010011011 0111100100101001 1111000111001001 -54120 42269 -11851
0111010100000001 0111011101101010 0111101000110110 20501 30363 50864
1111100000010001 0111000000101011 1111011000001101 -33318 8533 -24785
0111100000000100 1110111001011010 0111011001110010 32901 -6502 26399
0111100101011110 1111001110111111 0111011011011101 43976 -15862 28114
1111101101110011 0111100001000001 1111011001100100 -61025 34849 -26176
0111011011011000 0111001010011111 0111100100010100 28032 13561 41593
1111100011111011 0111010101000010 1111010010110100 -40785 21529 -19256
1111101001000000 0111000001110010 1111100100100100 -51212 9104 -42108
1111101010001110 0111100001100010 1111010001011001 -53712 35904 -17808
0111000000011001 1111101000111100 1111100100110110 8392 -51074 -42682
1111001001011100 0111100101100010 0111011110010110 -13022 44087 31065
1111010011001110 0111010110101110 0110101100000000 -19684 23268 3584
1110111011001000 1111101011010000 1111101110101001 -6943 -55800 -62743
0111101100100111 1111010110100010 0111100001010110 58603 -23069 35534
1111010010001111 0111101011011000 0111100010010000 -18673 56059 37386
0111001111010000 0111010001001001 0111100000011001 15997 17556 33553
1110110100001110 1111101010010000 1111101100110001 -5176 -53745 -58921
1111101010000100 1110011111010110 1111101011000011 -53380 -2006 -55386
1111100100101111 0111101101111111 0111010010011111 -42465 61399 18934
1111101010010101 0111011000000001 1111011100101001 -53921 24593 -29328
0110111010110010 0111101011111001 0111101111001111 6856 57126 63982
1111011101010010 0111101000110111 0111010100011101 -29982 50923 20941
1111000011111100 1111001101111100 1111011000111100 -10209 -15327 -25536
1111101011001111 0111100000001011 1111010110001001 -55782 33117 -22665
0111010000110010 1111101001011010 1111100001000000 17192 -52019 -34827
0111011101001111 1110101101101110 0111011001100010 29941 -3803 26138
1111100001101111 0111001111111110 1111010011011110 -36310 16372 -19938
1111010101100011 0111101011011111 0111100000101110 -22058 56296 34238
0111101101111100 1111000001000101 0111101001101011 61317 -8744 52573
0111100100000111 1111101111001100 1111010110001011 41170 -63874 -22704
0111101110011010 1111101011110001 0110110101001111 62287 -56852 5435
1111011110111001 0111100000111111 0110101000101010 -31639 34795 3156
0111001011000011 1111100100010001 1111011011000001 13850 -41511 -27661
1111001111111110 0111011110110001 0111001101100100 -16364 31502 15138
0111100000101111 0111000011111101 0111100101101111 34286 10219 44505
0111011001101000 1111010010001010 0110111101110110 26237 -18595 7642
0111011000011111 1111100011111011 1111001110101100 25078 -40788 -15710
0111011011011011 0111001101111100 0111100101001100 28074 15330 43404
1110010011110111 0111011010001101 0111011000111110 -1271 26836 25565
0111011010001010 1111010010001101 0110111111110101 26789 -18640 8149
0111011010010001 0111100001011111 0111101110100111 26900 35801 62701
0110110100100000 0111101010101111 0111101101010010 5246 54737 59983
0111100011100110 1111011101011100 0111000011100001 40136 -30142 9994
0111101100101111 1111100101110101 0111001011100101 58836 -44717 14119
0111010111111100 1111010001100111 0110111001010100 24508 -18028 6480
0110110010110100 1111100011001001 1111100000110010 4817 -39189 -34372
1110101101011110 0111100100101011 0111100010110110 -3773 42350 38577
1111000101101011 0111100001001001 0111010111011100 -11096 35099 24003
0111001000110001 1111101100001100 1111100101111111 12682 -57713 -45031
0111000111111010 1111011100100000 1111010000100011 12242 -29181 -16939
1111010100001100 1111011001011111 1111100110110101 -20665 -26096 -46761
0111011110100111 1111100000100111 1110100100111000 31337 -34010 -2673
0111011000000110 1111010001110010 0110111001001110 24673 -18215 6458
1111011010101100 1111000001001100 1111100001101001 -27320 -8798 -36118
1111010111100110 0111100111001010 0111010110101110 -24168 47435 23267
1111100101011011 0111011111100001 1111000110101010 -43872 32269 -11603
0111101000010010 0110110111110100 0111101011010000 49712 6098 55810
1111010101011110 1111011000101010 1111100111000100 -21978 -25250 -47228
1111100101000110 0111011000101001 1111010001100011 -43202 25237 -17965
1110011111011100 0111011001101100 0111010111101110 -2012 26302 24290
0110100010111110 0110111110011101 0111000011111110 2428 7795 10223
1111001111100000 0111100010101011 0111010101100101 -16132 38234 22102
1111100000111001 1111010111101100 1111101100101111 -34585 -24259 -58844
1111100010111010 0111001101001000 1111010111010000 -38717 14908 -23809
0111101110000000 1110111011000111 0111101010100111 61431 -6940 54491
0111100010110110 1111100011010010 1110001011100100 38602 -39484 -882
0111101011100111 1111100011101001 0111001111110111 56550 -40238 16312
0111101100010011 1111101110001111 1110101110111000 57953 -61905 -3952
0111100110000110 1111011100110010 0111001110110100 45249 -29476 15773
0111100101100110 1111101010110111 1111000101000101 44215 -55004 -10789
0110110111110000 1110111001011011 1101111010110100 6080 -6509 -429
1110100100000000 1111000011010011 1111001000010100 -2561 -9883 -12444
1110111001111011 1111100011001011 1111100110011010 -6636 -39263 -45899
1111100011001011 0111010101101100 1111010000101011 -39274 22205 -17069
0111101101100100 1111101001100110 0110111111110001 60534 -52402 8132
1110111010001110 1111010101011010 1111011011111101 -6710 -21912 -28622
1111100101010110 0111011111101011 1111000110000101 -43728 32426 -11302
1111010010000010 0111101101110011 0111100100110010 -18462 61034 42572
1111000110110110 1111011100100011 1111100011111111 -11692 -29237 -40929
0111101000000010 1110111000110110 0111100100111011 49212 -6361 42851
0111100101011110 1110011110011000 0111100100100001 43954 -1944 42010
1111011011111000 1111000010100000 1111100010100100 -28541 -9469 -38010
1111011100100101 1111010010101011 1111100111101000 -29261 -19127 -48388
0111101011010101 1111001001010111 0111100100111111 55969 -12987 42982
0111100000011001 1111101011010101 1111010101111000 33558 -55956 -22398
0111001001111100 0111011101100110 0111100101010010 13282 30301 43583
0111100010110111 1111010000100111 0111010101001000 38637 -17006 21631
1111100000100101 0111101100101000 0111011000000101 -33964 58618 24654
1111100010110100 0111101100000100 0111010010011111 -38531 57457 18926
1111101111011001 0111000111010110 1111101001100100 -64294 11950 -52344
1111101101000011 0111100010001100 1111010101101110 -59488 37244 -22244
1110000010001100 0111100110001111 0111100101111100 -582 45521 44939
0111000100101010 1111010100101100 1111000100101110 10574 -21184 -10610
1111000100001011 1111001111101011 1111011001111011 -10328 -16216 -26544
1111001111010110 1110011011110101 1111010001011010 -16047 -1781 -17828
0111100110110011 1111100110001101 0110010011010100 46702 -45466 1236
1111101011111111 0110101101100110 1111101010001001 -57321 3787 -53534
1110100011110010 1111000100011110 1111001001011010 -2532 -10479 -13011
0111100100001011 1111101011011000 1111001100110010 41315 -56049 -14734
1111011110001101 0111001000011010 1111010010000001 -30935 12492 -18443
0110111001011000 0111100100001010 0111100111010101 6497 41294 47791
1111101110010011 0111100110110010 1111001110000110 -62062 46657 -15405
0111011101111011 1111011101010110 0110000010011000 30634 -30046 588
0111011011000110 1110100001011101 0111011000111010 27738 -2234 25504
0111010111111001 1110000100100010 0111010111010000 24463 -657 23806
1111101011010111 0111001101100101 1111100011111110 -56027 15141 -40886
1111001000001111 1111100000111001 1111100110111101 -12410 -34600 -47010
1111000001110110 1111100000101110 1111100101001100 -9135 -34244 -43379
1110111110001001 0111101111001101 0111101011011100 -7715 63913 56198
1111100111100010 0111100100110111 1110110101011000 -48179 42705 -5474
0110100001011110 0111011001101101 0111011011111000 2237 26314 28551
1111101000000000 0111000000101000 1111100011110110 -49164 8515 -40649
1111000010110110 0111101000000110 0111100011011000 -9652 49344 39692
0111100000011111 1111100010010010 1110101100100110 33770 -37430 -3660
0111010101000100 0111100011010110 0111101101111000 21568 39617 61185
0110110000101100 0111000111111110 0111010000001010 4272 12269 16541
1111100111001110 0111100011010111 1110111110111000 -47549 39644 -7905
1111100000001100 1111010101111010 1111101011001001 -33159 -22435 -55594
0111011111011110 1111000000110100 0111010111000100 32221 -8609 23612
0111101110111000 1111100110111001 0111001111111010 63218 -46883 16335
1111011011011001 1111001000010001 1111100011110001 -28050 -12422 -40472
1111101011000001 0110010000010110 1111101010100000 -55334 1046 -54288
1110101010010110 0111101100110011 0111101011001010 -3372 58978 55606
0111101100010011 0110100011101010 0111101101100010 57949 2517 60466
0111101001000011 1111100101111100 0110111000110100 51297 -44943 6354
0111010000100100 0110101110001000 0111010100010101 16964 3856 20820
0111100000101100 0111010010011001 0111101001111000 34170 18837 53007
0111010010010000 1111011001001010 1110111011101001 18683 -25758 -7075
1111010110000001 0111101011100011 0111100000100010 -22539 56409 33870
0111100010000111 1111001110100110 0111010100111100 37098 -15661 21437
0111010100111100 1111000111111001 0111000010000000 21447 -12229 9218
1111000110100001 0111100101111110 0111100000010110 -11529 45000 33471
0111010110001100 0110101001111010 0111011001011100 22728 3317 26045
0111010101110100 0110111011011110 0111011100101100 22342 7031 29373
0110010110001011 0111011010111101 0111011100010101 1419 27595 29014
0111101111100111 1111011101001010 0111100001000010 64730 -29852 34878
1111101110001100 0110101000111101 1111101100101000 -61833 3194 -58639
1111100101101010 1110010111101000 1111100110011001 -44340 -1512 -45852
1111100111000110 0111010101000011 1111011001001000 -47287 21554 -25733
0111010110011101 1111100010111010 1111001110101111 22989 -38726 -15737
1111100000000000 1110110011000011 1111100010011001 -32779 -4875 -37654
1111101101100011 0111011011110011 1111011111010011 -60510 28464 -32046
0111000001010000 1111010010000011 1111000010110101 8834 -18475 -9641
0111101100010010 1101110110100000 0111101100000111 57919 -360 57559
1111100101011001 0110110111111010 1111100010011010 -43821 6119 -37702
0111000000001101 1111011101010010 1111010101001011 8298 -29979 -21681
1111100101000111 0111100100001001 1110011111000010 -43233 41247 -1986
1110101111000000 0111100100101001 0111100010101101 -3969 42278 38309
1111010010110101 0111010100000111 0110010100011101 -19278 20587 1309
0111100101010000 1110111101010101 0111100001100110 43527 -7507 36020
0110101001111110 0111010100101001 0111010111111001 3323 21135 24458
1111100111000101 1110011111001011 1111101000000100 -47278 -1995 -49273
0111010000111010 0111100011011110 0111101011111011 17315 39874 57189
0111011100000110 1111101010111010 1111011001101110 28764 -55100 -26336
0111000100110100 1111101000010111 1111100011001010 10652 -49875 -39223
0111010010011111 0111100000101111 0111101001111110 18931 34269 53200
0111101010011000 1110001011110010 0111101001111100 54018 -889 53129
0111010101100101 1111010011110100 0110011100011000 22097 -20281 1816
1101110100100100 1111100111000111 1111100111010010 -329 -47335 -47664
1111000100101000 0111100101111100 0111100000110010 -10564 44916 34352
0111011000001001 1111011010001100 1110100000010010 24725 -26808 -2083
1111100001101000 0111100110111011 0111000101001101 -36084 46937 10853
0110000110100110 1111101110111010 1111101110100011 723 -63282 -62559
1111100100101011 0111101110000001 0111010010101100 -42323 61467 19144
0111011110100011 0110111011011000 0111100010101100 31281 7007 38288
0110100000110011 1110010111011101 0110000100010010 2150 -1501 649
1110101110110010 0111100011100111 0111100001101100 -3939 40166 36227
1111001110010100 1111010011100111 1111100001011000 -15518 -20073 -35591
1111001010110001 0111101010010001 0111100011100101 -13704 53790 40086
0111100011010010 0111000001100001 0111100111101010 39484 8966 48450
1111000011010110 0111100100100000 0111011111010101 -9900 41987 32087
0111001101010100 1111100011001100 1111010111101110 15008 -39289 -24281
0110110100011100 1111010001011110 1111001000101110 5232 -17891 -12659
0111101001010111 1111011110111010 0111010011110011 51931 -31653 20278
1110011110110110 1111001001001011 1111001101000010 -1974 -12891 -14865
1111010001011011 1111000000110101 1111011001110110 -17841 -8619 -26460
0110011100101000 1111101010101001 1111101001110000 1832 -54562 -52730
0111100110010000 1110011000111010 0111100101011110 45561 -1594 43967
0111100010010100 1111100100011001 1110110000100011 37514 -41751 -4237
0111011011011111 0111011100011011 0111101011111101 28145 29099 57244
0110111110100110 1111100010011100 1111011101001110 7834 -37762 -29928
0111010001110110 1111001000001011 0110110111000000 18267 -12377 5890
1111001111001100 0111101111101100 0111100111111001 -15970 64907 48937
1110101111100001 0111011100001011 0111011000001111 -4034 28848 24814
0111100011001101 1110111001111010 0111011111111100 39341 -6633 32708
0111000100001000 1111011100001000 1111010010000100 10306 -28795 -18489
0111101001110101 0110100001110101 0111101010111101 52908 2282 55190
1110100011000010 1111100110100001 1111100111101101 -2437 -46121 -48558
1111101101001001 0111010011110000 1111100011010001 -59678 20216 -39462
0111001110011101 1111100110101011 1111011110000111 15594 -46431 -30837
1111000100100101 0111010110110000 0111001000111100 -10536 23303 12767
0110100001110110 0111101101111000 0111101110111111 2285 61185 63470
1111010101101100 0111011010010111 0110110010101010 -22214 26992 4778
0111101011111011 1111010000011101 0111100011101101 57195 -16852 40343
1111100111010100 0111001101011110 1111011111111010 -47757 15091 -32666
0110111011111100 1111000110110010 1110110001101000 7150 -11664 -4514
1111100001011111 0111010101110010 1111001010010111 -35796 22301 -13495
1111100111111010 0111001111101111 1111011111111100 -48953 16250 -32703
0111011010001011 0111100001000010 0111101110000111 26802 34867 61669
1111101011111111 0111101100000110 0101101111011000 -57301 57552 251
1110111011101111 1111100101000001 1111101000011111 -7100 -43054 -50154
1111010011100010 1111000011101010 1111011101010111 -19992 -10065 -30057
1111101001101010 1111000001111100 1111101110001001 -52550 -9188 -61738
1111000000100110 0111001011011101 0110110101101110 -8495 14056 5561
1111001000110111 0111100000111011 0111010101011011 -12729 34662 21933
0111000101000101 0111011101101111 0111100100001001 10792 30444 41236
1111100101110100 1111000101111111 1111101011010011 -44656 -11256 -55912
0111100001011000 1111000011101101 0111011000111010 35593 -10087 25506
1111100101011100 1111000100001100 1111101010011111 -43897 -10338 -54235
0111000110110111 1111010101010101 1111000011110010 11705 -21836 -10131
0111011011000011 1111101011101001 1111011100001111 27690 -56607 -28917
1111100111101111 0111101100000101 0111000001011000 -48604 57500 8896
1111100000010010 0110110001110010 1111011100001000 -33359 4554 -28805
0111010011001111 0111000011101101 0111011101000110 19696 10090 29786
1111011011011010 1111010011111010 1111100111101010 -28056 -20378 -48434
0111100010010001 0111010010000000 0111101011010001 37397 18440 55837
1111100111011011 0111011100010101 1111010010100001 -47971 29007 -18964
0111100110010111 1111010100101110 0111011000000000 45795 -21220 24575
0111101000010110 1111011110000111 0111010010100100 49849 -30834 19015
1111010101100111 0111001111010000 1110110111111100 -22125 15999 -6126
1111001010001010 1111001111011111 1111011100110100 -13389 -16122 -29511
1111010011101001 0111101010100010 0111100000101101 -20113 54334 34221
1111010100010001 0111011000011010 0110110000100110 -20749 24996 4247
0111100011111011 0110111011011001 0111100111010110 40802 7013 47815
1111100010110111 1111010100011111 1111101101000111 -38635 -20973 -59608
1111000000110010 0111101111010010 0111101011000101 -8593 64052 55459
0111100111001000 1111010000010100 0111011101111011 47356 -16711 30645
1111011100111010 0111011111111111 0110101000101100 -29592 32752 3160
1111000110001010 0111101101000100 0111100111100010 -11340 59529 48189
0111011010111110 1111010010101101 0111000000100011 27618 -19148 8470
1111010101101110 0111101101100101 0111100010101111 -22236 60591 38355
1110110000001100 1111000000011010 1111001000011111 -4142 -8396 -12538
1111001010011100 0111101101000010 0111100110011011 -13536 59468 45932
1111000100000101 0110111110011010 1110100011100010 -10283 7784 -2499
0111011011110111 1110110101011011 0111010110100000 28526 -5483 23043
1111000010010010 0111101011110100 0111100111010000 -9358 56973 47615
1111100001001110 1110111110010010 1111100101000000 -35259 -7750 -43009
1111000110001011 1110101000001000 1111001100001101 -11354 -3087 -14441
0110110000101011 1111011011100001 1111010111010110 4269 -28176 -23907
0111101001001001 1110010100011001 0111101000100000 51494 -1305 50189
0110010101100001 0111011011001000 0111011100011110 1377 27771 29148
1111101010100000 1110110000101110 1111101100100101 -54258 -4278 -58536
0111001000110100 0111010010100101 0111011110111111 12706 19023 31729
1111100010001011 0111010111000101 1111001010100000 -37208 23636 -13572
1111011111101001 1110101011110000 1111100001100011 -32396 -3551 -35947
0111011001100101 1111101011101001 1111011101101100 26189 -56595 -30406
1110110100001000 0111101110010001 0111101011110000 -5154 61970 56816
0111101000100010 1111101010100010 1110110000000110 50231 -54352 -4121
0111101101011110 1111011101010000 0111011101101100 60342 -29947 30395
1111101001100101 0111100011000101 1111001001111101 -52372 39085 -13287
0111101111010111 1111100001001000 0111011100011101 64211 -35071 29140
0111100111110011 1111101111010100 1111001110000100 48740 -64129 -15389
0111010110011100 0111000001000101 0111011110111110 22975 8743 31718
1111100010011110 0111101000010101 0111000111011100 -37824 49823 11999
0111011011011110 1111100111111111 1111010100100000 28122 -49119 -20997
1111100001110100 1110101010101100 1111100011011110 -36468 -3416 -39884
1111010110100001 0111101011111100 0111100000101011 -23062 57214 34152
0111010110010011 1110110101001110 0111010000111111 22826 -5431 17395
1111010011101000 1111010011010010 1111100011011101 -20100 -19752 -39852
0110010001101111 0111000011100000 0111000101101110 1135 9987 11122
1111010000110011 1111011010111100 1111100101111000 -17200 -27585 -44785
0110110111011000 1111100011000010 1111100000000111 5983 -38988 -33005
1111101111001111 0111101010010111 1111000011100010 -63983 53982 -10001
1111101101100000 0111011100110000 1111011110010000 -60426 29442 -30984
0111000111000000 0111010110011101 0111100000111111 11780 22995 34775
0111011110001010 0111011100111000 0111101101100001 30873 29575 60448
0111101111100010 1110011100101111 0111101110101001 64588 -1839 62749
0111100011111111 1111100001000000 0110110111111000 40934 -34824 6110
1111011111100101 0111100000110011 0110100000001010 -32334 34403 2069
1111101001110001 0111010101000011 1111011110100000 -52782 21548 -31234
1111100100010000 0111011110001010 1111000100101011 -41468 30883 -10585
1111010111001110 1111010011000010 1111100101001000 -23777 -19490 -43267
0111011110001010 1111100011110000 1111000010101100 30874 -40441 -9567
1111100000010011 0111100100100001 0111000000110111 -33382 42016 8634
1111100001111010 0111100001001100 1110010110111110 -36675 35205 -1470
1111010100100101 0111011011100011 0110111011111000 -21068 28202 7134
0111100000000100 0101010111000000 0111100000000111 32900 92 32992
0111011101000101 0111001110011111 0111100110001010 29775 15607 45382
0110110100111001 0111010000111011 0111010110001001 5347 17332 22679
1111001111001101 1111010110010111 1111100010111111 -15977 -22895 -38872
1111011111111100 0111010110111101 1111000001111111 -32712 23501 -9211
0111101111101001 1111101011101111 0110111111010000 64799 -56801 7998
1111100101011010 0111100111000100 0110101010010011 -43856 47222 3366
0111100110011001 0110110010101010 0111101000101110 45861 4775 50636
0111010111111111 1111100010011110 1111001001111100 24559 -37836 -13277
1111100111000100 1110111011000000 1111101010011100 -47245 -6914 -54159
0111101011101111 1111101010001010 0110101001011000 56812 -53565 3247
1111010111010100 0111100001011000 0111000110111000 -23876 35589 11713
1111100111111010 0111100100010010 1110111100111100 -48957 41548 -7409
1111101010000001 0111101010110010 0110011000000101 -53293 54834 1541
1110111110001000 0111010111000100 0111001111000100 -7712 23612 15900
0111100111111101 1110111001011111 0111100100110010 49071 -6525 42546
0111001011111100 0111010100001100 0111100001000101 14300 20671 34971
1111100011001010 0110111101100010 1111011110111100 -39238 7560 -31678
1111101010011011 0111010011101011 1111100000100101 -54098 20138 -33960
0111100001110001 0111000011001110 0111100110100101 36393 9844 46237
1111010001100100 1111001010100001 1111011110110100 -17978 -13576 -31554
1111010001101111 1111100000100101 1111101001011100 -18156 -33953 -52109
0110010100111001 0111011010011010 0111011011101101 1337 27038 28375
1111010100011100 1111010001111000 1111100011001010 -20930 -18305 -39235
0111011111001010 1111101001001010 1111010011001001 31911 -51508 -19597
0111011001000011 1111100000011010 1110111111000001 25650 -33590 -7940
1110011001101101 1110100010101000 1110101111011110 -1645 -2383 -4028
0111101111000101 1111101000010000 0111001011010110 63654 -49657 13997
1110111111011011 0110010001001100 1110111011001000 -8044 1100 -6944
1111101010111010 0111010111111101 1111011101110110 -55095 24530 -30565
1111101100010011 0111010001101100 1111100011011101 -57948 18117 -39831
1111101110010100 0111100100100010 1111010011100100 -62071 42045 -20026
1110110101100101 1111000011000010 1111001101110101 -5525 -9744 -15269
0111011101110011 1111011110100010 1110000111001110 30518 -31261 -743
1111011101001100 0111101011100001 0111011001110101 -29893 56337 26444
1111001010110010 1111010011101001 1111100000100001 -13715 -20114 -33829
0111101010101000 1111100101001100 0111000101110010 54530 -43376 11154
0111100110110000 0111010010010101 0111101111111011 46599 18771 65370
1110100011100101 1111101110000100 1111101111010010 -2506 -61564 -64070
0111010000100000 0110110101000011 0111010101110001 16898 5388 22286
1110111110000101 1111010000010000 1111010111110001 -7701 -16635 -24336
1111011010100001 1110110100110000 1111011111101101 -27149 -5311 -32460
0111011011110011 0110000000011100 0111011100010100 28469 526 28995
0111101001101100 1111100001100110 0111010000001101 52603 -36016 16587
0111011000000010 1111101101010000 1111100001001111 24615 -59915 -35300
1111100100111010 1111000110110010 1111101010100111 -42819 -11662 -54481
0111011100000000 1111010100101111 0110111101000100 28669 -21228 7441
1111101010110010 0111010011010010 1111100001001001 -54862 19744 -35118
1111011101001001 1111011011010100 1111101100001111 -29834 -27975 -57809
1111101011101000 0111101000110111 1110110110001101 -56589 50904 -5685
0111101011100011 1111100100111011 0111001010100000 56407 -42841 13566
0111011011010110 1111100100111010 1111001100111010 28005 -42802 -14797
1110101011101011 0111010110011110 0111010011000001 -3542 23015 19473
1111001111101011 1111100001110000 1111101001101011 -16213 -36360 -52573
0110010111000100 1111101011000100 1111101010010110 1476 -55439 -53963
1110010101101110 1111011110000111 1111011111011110 -1390 -30828 -32218
0111011101001001 0110010101001101 0111011110011110 29841 1357 31198
1111100011110000 0111101100100010 0111010001100100 -40459 58448 17989
1111010010111110 1111010010000100 1111100010100001 -19416 -18496 -37912
1111010101011110 1111010010101011 1111100100000100 -21976 -19116 -41092
0111101010011101 0111000001110001 0111101110111001 54179 9093 63272
1111100000010110 0111101000110110 0111010000111111 -33475 50873 17398
1111100110011110 0111010100011011 1111011000100010 -46028 20916 -25112
1111100010100010 0111010000001011 1111010100111001 -37944 16554 -21390
1110110111010010 0110110110111010 1101011000000000 -5960 5864 -96
1111100100100010 0110110100111101 1111100001111010 -42043 5364 -36679
1111000011000100 1111100001101110 1111100110011111 -9760 -36278 -46038
1111100111010011 0111100010001101 1111000100011010 -47721 37271 -10450
0111010011100010 0110100011010110 0111010101111101 19997 2476 22473
1111100000101000 0111000011010011 1111010111100110 -34040 9880 -24160
0111100101100111 1111100010100110 0110111000001010 44253 -38069 6184
0111001001000101 1111100111101011 1111100001011010 12838 -48481 -35643
0111100011011001 1111100001110000 0110101010010100 39718 -36349 3369
1111101110111101 0111010100100000 1111100100101101 -63390 20992 -42398
1110100101001110 0111011101111001 0111011011001111 -2716 30601 27885
1111011111111110 1111010011101111 1111101001110111 -32738 -20208 -52946
1111101100111011 0111011101001011 1111011100101100 -59245 29866 -29379
0111100100011001 1111010110101101 0111010010000101 41763 -23250 18513
0111100010100101 1111100101011110 1110110111001100 38041 -43978 -5937
1111010000111011 0111100100000000 0111010111000100 -17324 40947 23623
0111010011011000 1111100100101011 1111010101111111 19834 -42339 -22505
0111101011111000 1111001001001100 0111100101100101 57090 -12900 44190
0111100101010111 1111010110011111 0111010100001110 43731 -23029 20702
1111100101101111 0111101100001000 0111001001100101 -44505 57600 13095
1111000100110110 1111000101111101 1111010101011001 -10672 -11239 -21911
0111100111010101 1111101111111100 1111010001001111 47761 -65407 -17646
0111101010100101 1111001110111100 0111100010110110 54437 -15840 38597
0111101011100011 1110111101011001 0111100111111000 56430 -7524 48906
0111101001110011 1110101001011100 0111101000001101 52831 -3256 49575
1111011100111010 1110010100011110 1111011110001100 -29606 -1310 -30916
1111010001000110 0111001010101001 1110101110001010 -17499 13638 -3861
0111101001000010 1111010010010001 0111011111110011 51263 -18703 32560
0110011011001011 0111100111011000 0111101000001110 1739 47875 49614
0110110000001011 0110011011111001 0110110111001010 4141 1785 5926
0111101110010001 1111010110001110 0111100011001010 61992 -22748 39244
1111101111001101 0110110000001000 1111101101001100 -63907 4130 -59777
1111001111110010 0111100000110010 0111010001101011 -16269 34358 18089
1111011000011111 0111010001000010 1110111101110110 -25079 17438 -7641
1111000101111001 0111100111110100 0111100010010110 -11206 48775 37569
0111011011010101 0111001100111010 0111100100111001 27982 14802 42784
1110101011001100 1111010010111000 1111010110010001 -3480 -19326 -22806
1111101011000000 0111100111011000 1110111101000100 -55298 47858 -7440
1111000101101011 1111100000010011 1111100101101101 -11095 -33364 -44459
1110111110000000 0111011111000000 0111010111100000 -7680 31751 24071
0111100101110100 0111001011001101 0111101100100111 44670 13931 58601
0111101111111011 1111101011100010 0111000001100011 65365 -56383 8982
0111101000111101 1111010101100110 0111011100010100 51107 -22107 29000
1111011000010100 0111101001001101 0111011010000110 -24903 51622 26719
1101111111010100 1111101111010100 1111101111100100 -501 -64126 -64627
1111000011001000 0111101000100001 0111100011101111 -9789 50202 40413
0111100110111000 1111101011011101 1111000010010101 46842 -56223 -9381
1111000100101100 0111100000101000 0111010110111001 -10596 34033 23437
0111000001010000 1111000100111011 1110011101010001 8836 -10709 -1873
1111100111001101 0111101010000001 0110110110100001 -47507 53270 5763
1110100011100010 0111101111101110 0111101110100000 -2501 64954 62453
1111101001110101 0111011011010110 1111011000010011 -52882 27997 -24885
0110011110000101 0111100010011000 0111100011010100 1925 37629 39554
0111100000001100 1111011100010111 0110110000000011 33142 -29034 4108
1111010001100000 0111010111000001 0110110110000111 -17914 23574 5660
0111001111011110 0111100011111101 0111101011110101 16114 40871 56985
0111011011000111 1111001100010100 0111001001111011 27767 -14496 13271
1111101010000001 1110111000000010 1111101101000001 -53277 -6150 -59427
1111000101101111 0111011110100110 0111010011101110 -11128 31328 20200
1111011101101000 0110110111000010 1111010111110111 -30335 5896 -24439
0111011011111001 0111000111101100 0111100011110111 28555 12127 40682
0110110100110000 1111101001101110 1111100111001000 5314 -52681 -47367
0111010101110101 1111000000001111 0111001011011011 22352 -8309 14043
1111010101011111 0111010001101100 1110101110011000 -21996 18107 -3889
1111000110110001 1110110100101010 1111010000100011 -11653 -5287 -16940
1111100000010011 0111011101100001 1110101000100010 -33370 30231 -3139
1111100000100100 0111010111000001 1111000100001110 -33924 23572 -10352
0111001000001101 1111100001110001 1111010111011100 12389 -36393 -24004
0111010011101101 1111100010011001 1111010001000101 20175 -37661 -17486
0111011001011111 0111010100111101 0111100111001110 26093 21454 47547
0110101010111100 0111100101101101 0111100111011001 3449 44446 47895
0110110110001110 0110111010000011 0111001000001000 5688 6667 12355
1111010000100110 0111001001110110 1110101101011010 -16999 13236 -3763
0111010110011011 1111010100100111 0110011101000000 22958 -21102 1856
1111101100100001 0111100000100110 1111010111110101 -58400 33996 -24404
1111000110110110 1110101010100010 1111001101011110 -11692 -3397 -15089
0111100001111111 1111100100111000 1110110111001010 36817 -42744 -5927
1111010001111011 0111100000101000 0111001110101000 -18354 34037 15683
1111011100111111 1111001100110101 1111100101101101 -29684 -14763 -44447
1111101011110011 0111101011001101 1110010011000000 -56916 55700 -1216
1110100001011101 0111100111001111 0111100110001001 -2234 47581 45347
0111100000000001 1111100100110101 1111000011001100 32815 -42643 -9828
1111101000111000 1110111100100101 1111101100011101 -50942 -7316 -58258
0111100000001100 0111010010100110 0111101001011111 33158 19034 52192
0110000000000010 0111010101110001 0111010110010001 513 22288 22801
0111000110000011 0111100001000011 0111100110100011 11290 34898 46188
1111100110111000 0111011111011111 1111001100100100 -46859 32239 -14620
1111100100001101 1110011111001011 1111100101001011 -41373 -1995 -43368
1111101010001111 0111100001000110 1111010010010001 -53722 35013 -18709
1111101010010001 1111000101111010 1111101111101111 -53787 -11219 -65006
0111000111011011 1111101101110001 1111100111111010 11993 -60964 -48971
0111011011011001 1111101100010100 1111011101001111 28052 -57988 -29936
0111101100111111 1111100101100001 0111001101111000 59367 -44072 15295
1111101000000000 0111011010101111 1111010101010001 -49158 27379 -21779
0111001010011111 1110110111110000 0110111101001110 13560 -6079 7481
1111100110110100 1110100101010110 1111101000001010 -46725 -2731 -49456
0111100010000110 1111100111001111 1111000100100100 37046 -47572 -10526
0111101010000110 1111100000011001 0111010011011011 53439 -33555 19884
0111101111011110 1111011110000101 0111100000011100 64455 -30793 33662
1110111011000110 1111011000010011 1111011111000101 -6938 -24884 -31822
1111100110100001 1111010000101100 1111101110110111 -46113 -17094 -63207
1110111000011101 1110100111100011 1111000010000111 -6259 -3014 -9273
0111101000000010 0110110010100000 0111101010010110 49225 4736 53961
0111101011010100 1111010001100100 0111100010100010 55948 -17988 37960
1111100000110010 0111000110111000 1111010110000111 -34354 11715 -22639
1111001000111011 0111000011101000 1110100101001010 -12757 10049 -2708
0111010010111000 1111101110111011 1111100101011111 19333 -63343 -44010
1111100101001111 0111100000100100 1111000010101010 -43482 33926 -9556
1110110111011000 0111010001001010 0111000110101000 -5986 17570 11584
1111011011000011 0111101010011101 0111011001110111 -27697 54182 26485
1111010011101011 0111001001000011 1110111100100100 -20137 12827 -7310
1111010111111011 0111011101101011 0110110110111110 -24497 30378 5881
0111100000101101 1111010001101111 0111001111010111 34208 -18154 16054
0111101010110010 1110101111111101 0111101000110010 54840 -4090 50750
1111011100010000 1111010101001111 1111101000101111 -28921 -21747 -50668
0111001001011101 1111000000110111 0110110001001100 13032 -8630 4402
0111011101111011 1111000011001101 0111010100010100 30636 -9830 20806
0111010011100000 0111001010000100 0111100000010001 19971 13341 33312
0110000100010010 1111001000110001 1111000111100000 649 -12681 -12032
0111000100011111 0111011100101100 0111100011011110 10487 29374 39861
0111101000000110 1111011100000110 0111010100000111 49353 -28765 20588
1111010011110000 1110111111001000 1111011011100010 -20227 -7966 -28193
1111001010011010 0110001000100010 1111001000111000 -13521 785 -12736
1111100010110000 0111001001011010 1111011000110010 -38389 13005 -25384
0111011101011101 1111100100011101 1111000110111011 30160 -41895 -11735
0111100100101100 1111101111110010 1111010110001110 42356 -65101 -22745
0111101010110000 1111100001111110 0111010001100011 54779 -36815 17964
0111100000000001 1111010111011110 0111000001000111 32789 -24029 8760
1111010111111110 0110010000010111 1111010110111101 -24552 1047 -23505
1110011101111100 0110110101001001 0110101011010100 -1916 5411 3495
0111010010000111 1111101001010110 1111100000010010 18546 -51902 -33356
0111100110000001 1111101111011011 1111010010110011 45099 -64340 -19241
1111101101101010 0111000110110101 1111100111111101 -60746 11686 -49060
1111100001101011 0111000010110100 1111011001111101 -36198 9628 -26570
0110101101110100 0111101101111010 0111101111110001 3815 61254 65069
0111011011111100 1110110101010100 0111010110100110 28602 -5458 23144
0110111010000000 1110110100110100 0110010100101100 6654 -5330 1324
0111101011101000 1111100101111010 0111000110110110 56564 -44872 11692
1111100011111101 1111000111111011 1111101001111011 -40850 -12245 -53095
1111010100000101 0111101111100011 0111100101100000 -20560 64598 44038
0110000001011010 0111100010111000 0111100011001001 557 38653 39210
1111001100011110 0111011111000101 0111010000110110 -14573 31827 17254
0111011101011101 0111011011111101 0111101100101101 30159 28622 58781
1111011001110000 0111011110000000 0110110001000100 -26360 30727 4367
1111011000000100 1110111100001100 1111011111000111 -24643 -7217 -31860
0101111101010100 0111011101000110 0111011101100100 469 29796 30265
0111000100110010 1111011011000000 1111010000101000 10637 -27654 -17017
1111011000111110 1111001011110110 1111100011011100 -25568 -14254 -39822
0111101001110011 1111101100011110 1110110101010110 52832 -58295 -5463
0111100010111101 1110100011001110 0111100001110000 38818 -2461 36357
0110100100111111 1111101111100100 1111101110010000 2686 -64638 -61952
1111101011001100 1111000001111111 1111101111101100 -55675 -9205 -64880
1111010001011011 1111001101101110 1111100000001001 -17842 -15213 -33055
1111011111001101 1111010000010101 1111100111110001 -31955 -16720 -48675
1111100011001100 0111100111000100 0110111111000010 -39282 47225 7943
1110110001100100 0111000010111010 0110110100010000 -4494 9678 5184
1111101011010010 0111001001001101 1111100100111110 -55865 12907 -42958
1110110111111001 1111100001111001 1111100100111000 -6116 -36637 -42753
1111010001011110 0111011010011101 0111000001111101 -17889 27084 9195
1111001001010011 1111011001010010 1111100010111110 -12954 -25890 -38844
0111010010101101 1111001010001100 0110110110011010 19147 -13411 5736
0111010010011100 0111011101001111 0111100111110110 18885 29933 48818
0111101011100001 1111011000001000 0111011110111010 56342 -24699 31643
1111010001110111 1111000101001110 1111011100011110 -18289 -10867 -29156
0110010000111111 1111100000111000 1111100000010110 1087 -34575 -33488
1110000000101010 0111101100010010 0111101100000001 -533 57915 57382
1111100001000000 0111101111001001 0111011100010001 -34831 63778 28947
1111101010011000 0111101010000100 1110000100001100 -54016 53370 -646
1111100101111101 0111011010100101 1111010001010110 -44973 27215 -17758
1110111000010011 1111001000001100 1111010010001011 -6219 -12384 -18603
0111101101000111 1111011111000000 0111011011001110 59610 -31746 27864
1111010011101000 1101111100010000 1111010100000100 -20094 -452 -20546
0111010110111101 1111010111001000 1101100110110000 23498 -23680 -182
0111100011110010 0111010011000000 0111101101010010 40518 19449 59967
0111001100001110 0111000110011000 0111011001010011 14444 11458 25902
0111000010101100 0111010011000011 0111011100011001 9567 19507 29074
1111100111101000 1111000100101110 1111101100110100 -48391 -10612 -59003
1110111001011100 1111101011011111 1111101110101010 -6512 -56279 -62791
0111100000000011 0110010101110010 0111100000101111 32875 1394 34269
1111010110110100 0111101110110100 0111100011011010 -23363 63117 39754
0111101100101011 1110101011011101 0111101010111101 58724 -3514 55210
0111100011111000 0110110101010100 0111100110100010 40702 5454 46156
1101111101100000 1111010010100010 1111010010111111 -472 -18974 -19446
1111101010111000 0110111001111010 1111100111101001 -55042 6630 -48412
0111100101010011 1111100101111101 1110010100111100 43617 -44957 -1340
0111010010010010 0111001001111100 0111011111001111 18714 13276 31990
1111100000011100 1111001011010111 1111100111010010 -33659 -14011 -47670
0110110101001011 1111010111111011 1111010010101001 5419 -24500 -19081
1111101101101000 0111010011010010 1111100011111111 -60669 19752 -40917
1111100100110011 0110110010010100 1111100010100000 -42578 4687 -37891
1111101001110101 0111100000100000 1111010010101010 -52885 33776 -19109
1111100000111111 0111101001100001 0111010001000011 -34781 52243 17462
1110111010001101 0111100000100100 0111011010100101 -6707 33928 27221
0111011010010000 1111011100000110 1110011101100001 26885 -28774 -1889
0111000010010000 1111011111000011 1111010101111011 9348 -31797 -22449
0111100111100100 1111010010001000 0111011101000001 48261 -18552 29709
1110111101100010 0110001101000010 1110111001111010 -7559 929 -6630
0110101100000110 1111010001010101 1111001011101000 3596 -17744 -14148
0111010010010100 0110110100010100 0111010111011001 18755 5200 23955
0110111100101000 1111100001001011 1111011011001011 7327 -35155 -27828
1111100101010110 0111011111100110 1111000110001010 -43705 32360 -11345
1111101001001101 0111000111110100 1111100011010000 -51629 12189 -39440
1110011100000010 1111100010000100 1111100010111100 -1794 -36998 -38792
1110110011111110 0111101001110011 0111100111010100 -5110 52839 47729
1111100100100100 0111100001001011 1110111011000100 -42108 35178 -6930
0111100011111110 0110011000110110 0111100100110000 40897 1590 42487
0111010110010101 0111011100001011 0111101001010000 22859 28847 51706
1111000111110011 0111101010110000 0111100100110011 -12183 54787 42604
0111100110010110 1110100100001000 0111100101000101 45752 -2577 43175
0110000011010100 0111101000111111 0111101001010010 618 51161 51779
0110010101100000 1111101010110101 1111101010001010 1376 -54948 -53572
0111010011000000 1111011000011010 1110110101100110 19460 -24987 -5527
0111010110110101 0111011010000111 0111101000011110 23375 26734 50109
1110111111001111 0111101110011101 0111101010100011 -7997 62365 54368
0111011011110010 0110101010111111 0111011111001010 28445 3454 31899
1111100001100000 0111100111111101 0111001001110101 -35834 49058 13224
0110110000100000 1111101100001111 1111101010001011 4224 -57829 -53605
1111010001111111 0111000000010100 1111000011101010 -18414 8349 -10065
1111101101010101 0111000011001010 1111101000100010 -60057 9807 -50250
1111010111111110 0111101100111111 0111100001000000 -24551 59353 34802
1110101101111100 1111010111010100 1111011011000100 -3833 -23875 -27708
0111100111010110 1111100101101100 0110101010010110 47792 -44420 3372
0111101101111001 1111010101111010 0111100010111100 61226 -22426 38800
1111011100101111 0111101001001100 0111010101101010 -29425 51598 22173
1111100101110111 0111001101010000 1111011101000101 -44756 14980 -29776
0111011100100001 1111010101110110 0110111010101110 29202 -22360 6842
1111100011110111 1111001111101101 1111101011110011 -40686 -16230 -56916
0111001010001001 1111000011001011 0110101011110111 13384 -9818 3566
1111011100110101 1111010101011011 1111101001001000 -29527 -21939 -51466
1110111100000111 0111101001100110 0111100110000101 -7197 52421 45224
0111101011011110 1111010010101010 0111100010001001 56246 -19100 37146
1111011011101110 1111001000000010 1111100011111000 -28391 -12306 -40697
0111011110010101 0111000010011010 0111100011110001 31058 9426 40484
1111101110010011 0111101111000100 0110011000100010 -62042 63612 1570
0111101110111010 1111000011001011 0111101010001000 63306 -9813 53493
1111010110100000 0111100010100101 0111001101010011 -23036 38034 14998
1110011000101001 1111100000100000 1111100001010001 -1577 -33785 -35362
1111100110111001 0111010111110000 1111010110000011 -46894 24317 -22577
0111010110111101 1111011011011110 1110110010000100 23499 -28124 -4625
0111010110111110 1111011110111011 1110111111110100 23519 -31665 -8146
1111100111001100 1101101001111000 1111100111010011 -47499 -207 -47706
0111101000111000 1111011000001010 0111011001100101 50928 -24729 26199
0111010101100100 1111100011000100 1111010000100101 22075 -39044 -16969
1111101010101110 0111000101001001 1111100101011100 -54715 10827 -43888
1111101111011000 0111101000001100 1111001100110011 -64265 49520 -14745
0111011111101100 1111101010001100 1111010100101100 32441 -53622 -21181
1111010001011111 0110100101100010 1111001101100101 -17902 2755 -15147
1111010101111000 0111010101010001 1110000011110000 -22405 21773 -632
0111101011010000 1111001001100100 0111100100110111 55809 -13088 42721
1101110001110100 1110111010101011 1110111011110010 -285 -6829 -7114
0111010101110100 1111000000101001 0111001011000000 22340 -8517 13823
0111001101111010 1111000010101010 0110110110100000 15316 -9554 5762
1111100101001110 1110100101101101 1111100110100100 -43440 -2778 -46218
0111011011011101 0111000011010101 0111100010100100 28119 9895 38014
1111011011010000 1111000001111100 1111100010000111 -27905 -9183 -37088
1111101100000010 0111100000110010 1111010110100001 -57421 34366 -23055
1110010101100100 0111000110010000 0111000011100100 -1380 11396 10016
1111101010101011 0111011001001011 1111011100001010 -54611 25780 -28831
1110110100010110 0111100000110010 0111011100011111 -5207 34378 29171
0111101101101001 1111101000000101 0111000110010000 60691 -49300 11391
0111011110101000 0110011001101001 0111100000000111 31362 1641 33003
1111101100100100 0111100010110010 1111010011100110 -58510 38449 -20061
1111101001000101 0111010100100000 1111011101101011 -51375 20990 -30385
1111101101101101 0111010010101110 1111100100010111 -60844 19160 -41684
0111100110110010 1111101010101001 1110111110111100 46647 -54568 -7921
1111101000000011 0111101011110011 0110111110000010 -49252 56942 7690
0111001001001001 0111100001000100 0111100111010110 12871 34949 47820
0111010100001001 0111100001111011 0111101100000000 20631 36715 57346
0111001000101000 0111000011100011 0111010110000110 12612 10008 22620
0111001001001011 0111010111101100 0111100010001001 12887 24254 37141
1111010100010010 1111001110001000 1111100001101011 -20776 -15426 -36202
1111100101100100 0111100100001110 1110100101011001 -44161 41423 -2738
0111000000011000 1111101111011010 1111101011010100 8387 -64311 -55924
0111101101000111 1111010101001111 0111100010011111 59601 -21742 37859
0111100011000001 1111100000000011 0110110111110110 38957 -32853 6104
0111011101001100 1111010101010010 0110111111100110 29886 -21797 8089
0111011100110111 0111000100001001 0111100011011110 29549 10310 39859
1111001011011000 0111001000111100 1110010011011100 -14016 12772 -1244
0111010110010011 0111011100111001 0111101001100110 22837 29588 52425
0111010011101001 0110101010010010 0111010110111011 20105 3365 23470
0111001111011111 0111100001101010 0111101001100010 16123 36175 52298
1111101010111010 0111001110100100 1111100011010001 -55104 15647 -39457
1111010011001001 0111100111111000 0111011100100110 -19607 48887 29280
0111101001000100 0110111110101110 0111101100111010 51320 7865 59185
0111101101001011 1111011011010001 0111011111000110 59748 -27913 31835
0110111101001110 1111101111010001 1111101011100111 7478 -64021 -56543
0111101101100001 1111101011111101 0110101001000000 60455 -57255 3200
1110011010011101 0111101001101111 0111101000111010 -1693 52698 51005
1111011010010000 0111011001110010 1101111101101000 -26872 26398 -474
1111100101010001 1110000111011100 1111100101101000 -43538 -750 -44288
1111100100100100 0111101111101110 0111010110010101 -42106 64971 22865
0111100100100101 1111101100010110 1111001111000100 42138 -58046 -15908
1111011101101010 0111100111011110 0111010001010010 -30363 48059 17696
0110000110101110 0111011001101101 0111011010011011 727 26326 27053
0111100111010001 1110111110111001 0111100011011010 47660 -7907 39753
1111010000101111 1111010010011110 1111100001100110 -17134 -18913 -36047
0111100001100111 0111011001111001 0111101110100100 36071 26510 62581
1110101101110100 1111001001011101 1111010000011101 -3817 -13030 -16847
0111100010000010 1111100110011111 1111000001110101 36927 -46058 -9131
1111000011111100 1111100110010111 1111101011010110 -10212 -45785 -55997
0111010110010001 0111011110101011 0111101010011110 22797 31408 54205
0111011100110000 1111011011010010 0110010111100001 29442 -27937 1505
0111100101001010 0111001100010101 0111101100001111 43328 14503 57831
0111100111001101 1111010000011101 0111011101111100 47509 -16847 30662
0111100100100011 0111001101000111 0111101011110100 42067 14901 56968
1110101001001101 0111101110010010 0111101100101101 -3226 62015 58789
0111011011011000 0111010001011110 0111100110011011 28031 17886 45917
0111101010101111 0110101101100010 0111101100100101 54761 3779 58540
0111010111001100 0111100100011001 0111101111111111 23751 41747 65498
0111001011100000 1111100110011001 1111011111000010 14084 -45859 -31775
1111000111100100 1111100010011101 1111101000010110 -12061 -37806 -49867
1111101000101110 0111010001101011 1111011111110010 -50639 18091 -32548
1110100011101010 1111010111011110 1111011001111100 -2516 -24036 -26552
1111100000110111 0111100011101110 0110110110110000 -34543 40368 5825
1111101111110101 0110001100100010 1111101111011000 -65179 913 -64266
0111000100100000 0110111101110110 0111010001101101 10496 7639 18135
0111011111110011 1111101000111010 1111010010000001 32558 -51012 -18454
1111000000011101 1111000000111010 1111010000101011 -8425 -8652 -17077
0111010101101011 0111011001010011 0111100111011111 22192 25909 48101
0111010011100000 1111001011010111 0110110111010000 19960 -14007 5953
1110011010110010 0110001011011110 1110001010000110 -1714 879 -835
1110111011011000 0111100010011100 0111011110000001 -7009 37752 30743
1111100110010110 1111001000010001 1111101100011010 -45751 -12426 -58177
1110111100000110 0111000110100000 0110110000111011 -7192 11523 4331
1111010000110100 0111101011111011 0111100011100001 -17212 57181 39969
0111010001000011 1111101100111100 1111100100011010 17462 -59266 -41804
0111101010111101 1111010001101010 0111100010001000 55203 -18078 37125
0111010100000110 1111101110110000 1111100100101101 20576 -62972 -42396
0111011110110111 1111101101011011 1111011011111111 31597 -60259 -28662
1111001101001011 0110100101001000 1111000111111001 -14934 2704 -12230
0110011101111111 0111010101100110 0111010111011110 1919 22114 24033
1110110001101011 1111000000110111 1111001001101101 -4525 -8634 -13159
0111100010001001 0111010010001100 0111101011001111 37167 18620 55787
0111100000101010 0110111011011110 0111100100000110 34105 7032 41137
0110010111110101 0110011111001011 0110101011100000 1525 1995 3520
0111011100010010 0110111110001010 0111100001111010 28956 7718 36674
1111101101010100 0111010001010001 1111100100101011 -60029 17685 -42344
1110100000111110 1111000010001100 1111000110011011 -2173 -9308 -11481
1111100110110110 1111010001010111 1111101111100001 -46771 -17771 -64542
1111101001001100 0111000010010110 1111100100100110 -51574 9389 -42185
1111100001011101 0111011000111001 1111000100000001 -35739 25492 -10247
0111100111001010 0111001100011001 0111101110010001 47437 14538 61975
0111010010100011 1111101000100100 1111011110100100 18998 -50300 -31302
0111101001000001 0110101000111110 0111101010100101 51233 3195 54428
0111011111010101 1111100110111000 1111001100110111 32081 -46858 -14777
0111100110100010 1111010010100111 0111011010011101 46152 -19058 27094
0111000111111001 0111010111010101 0111100001101001 12233 23881 36114
0111101011111010 1111011000111010 0111011110111011 57165 -25497 31668
1111000110100110 1111001000000001 1111010111010011 -11566 -12293 -23859
1111100011011101 0111100001010101 1110110001000011 -39855 35490 -4365
1111000001110010 0111100110101000 0111100010001011 -9104 46328 37224
1111010110000000 1111010111100000 1111100110110000 -22531 -24070 -46601
1111011101101110 0111100110000101 0111001100111000 -30439 45225 14786
1111100001000011 1111011011100000 1111101110110011 -34901 -28161 -63062
1111000011111110 0101100000001000 1111000011101110 -10225 129 -10096
1111010010110001 0111001101000100 1110110000111100 -19217 14882 -4335
1111011001101110 1110110010100110 1111011110010111 -26332 -4762 -31094
0111011100110111 1110110011110101 0111010111111010 29554 -5077 24477
0111010100110011 1101111111101000 0111010100010011 21296 -506 20790
0111011001101010 1111001111101111 0111000011100101 26275 -16249 10026
1111000001101100 1111010111110111 1111100000010110 -9057 -24427 -33484
0111011010010001 0111001111110000 0111100101000101 26895 16260 43155
0111000000101000 0111000111101100 0111010100001010 8512 12125 20637
0110100011101101 1111100010110001 1111100001100010 2522 -38421 -35899
1111001110110110 0111101111110011 0111101000000101 -15791 65107 49316
1111000001010111 0111001111000110 0110111011011101 -8888 15917 7029
0111101000111011 1111101100001110 1110111010011101 51030 -57802 -6772
1111100110110100 1110110001110100 1111101001000011 -46729 -4560 -51289
1111000110111001 1111001110010111 1111011010101000 -11720 -15543 -27263
0110010110100110 1111011110001100 1111011100110001 1446 -30907 -29461
1111100001000111 0111010000110111 1111010001010111 -35053 17270 -17783
1111101111100011 0111101110110101 1110010111000000 -64619 63147 -1472
1111100001011001 0110100111100001 1111011111110110 -35610 3010 -32600
0110111001000000 1111101111001101 1111101100000101 6402 -63897 -57495
0111100100100001 0111000110000011 0111101010000010 42025 11286 53311
0111101011001001 1111010111011100 0111011110110111 55589 -23996 31593
1111010011011011 0111100101110100 0111011000001101 -19887 44668 24781
1111010110100110 1111011101000111 1111101001110110 -23128 -29806 -52934
1111100000010101 0111101110011010 0111011100001011 -33430 62282 28852
0111101000101111 1111101001011110 1110010111100010 50661 -52167 -1506
0111000011111000 1111100011110001 1111011101100110 10175 -40487 -30312
1111010111000010 1111011101001011 1111101010000111 -23580 -29878 -53458
1111010000100011 1111011100110001 1111100110101010 -16938 -29453 -46391
0111101101000001 1111000000111100 0111101000110010 59421 -8673 50748
1110011110000111 1111001011110110 1111001111100110 -1927 -14252 -16179
0111100101101011 1111100101000101 0110010011001100 44385 -43157 1228
1111000100101000 0111101001110011 0111100100101001 -10558 52823 42265
0111100101100111 1111101101101100 1111010000001011 44249 -60813 -16564
0110011101001101 1111100110011110 1111100101100100 1869 -46013 -44144
1111101000001110 0111101100101101 0111000001111111 -49588 58795 9207
1110111011111110 0110111101101011 0101111011001100 -7160 7595 435
0111101001010111 1111101001011011 1101011101000000 51934 -52050 -116
1111100101000101 1110101001000110 1111100110101001 -43160 -3213 -46373
1111100100111101 0111101001010011 0111000001010111 -42924 51812 8888
0111010010001011 1111011101000111 1111000101111000 18605 -29808 -11203
1111011101111111 0111101100111010 0111011011110101 -30711 59210 28499
0111010101101001 1111101000000010 1111011010011100 22166 -49232 -27066
0110110001101001 0111101000001101 0111101010011010 4515 49555 54070
0111001001100110 1111100101111000 1111011110111100 13106 -44784 -31678
0111001001111001 1110111011010101 0110111000011100 13253 -6995 6258
1111101101011001 0111100001011010 1111010111111110 -60180 35643 -24537
1110101111000110 1111100010110000 1111100100101100 -3980 -38385 -42365
0111000110010000 0111100101001000 0111101010101100 11391 43251 54642
1111101110110111 0111010010110000 1111100101011111 -63208 19206 -44002
1111101001101011 0111101001011110 1101111010011000 -52571 52149 -422
0110011001011001 0111101001111101 0111101010110000 1625 53164 54789
1111001010101110 0111011001101101 0111001000101011 -13684 26318 12634
1111101011110000 0111011010101110 1111011100110010 -56841 27365 -29476
0111100111010010 0111000111010000 0111101101000110 47688 11902 59590
1111100011000001 0111101000101110 0111000110110110 -38943 50638 11695
1111101110011011 0111101100000001 1110110011001110 -62292 57374 -4918
1111011011010011 0111100100100101 0111001011101110 -27951 42147 14196
1111100000011000 0111100010010101 0110101111011010 -33522 37542 4020
1111001011001111 0111100010100011 0111010111011110 -13941 37972 24031
1111001010110011 0111001010100010 1101100001000000 -13722 13586 -136
0111000011111010 0111000000101110 0111010010010100 10193 8561 18754
0111100011110110 1111001000110011 0111011011010010 40627 -12698 27929
