0010011011010100 0000 0111000011011010
1101101101000100 0100 0110101011011010
0100011011001000 0110 0101110001101100
0011000011110000 0101 0101111000011110
0011110001001111 0110 0101101110001010
1011100000101000 0100 0110100111000001
1111001011011100 0001 0111011110010111
0100000001011010 0010 0110110000000110
1001010101110011 1001 0101010010101100
0111101111011110 0011 0110101110111110
0111101011011101 0111 0101101110101110
0010100100101101 0100 0110000100100110
0101010000101111 0101 0110000101000011
0011111010101100 0111 0101011111010110
0001111100011110 1001 0100101111001000
1101010011100010 0101 0110011010100111
0111011110000110 0010 0110111101111000
1111100110010001 0001 0111011111001101
1110110000110010 0110 0110001101100010
0111100010000110 1000 0101011110001000
1010010001110101 0100 0110100100100100
1011100101100000 0110 0110000111001011
0000101001001010 1001 0100010100100101
0101111101000111 0100 0110010111110100
0010010010000001 0001 0110110010010000
1111110011010010 0110 0110001111100111
0001111001101110 0010 0110011110011100
1011010001110111 0101 0110010110100100
1010000000101111 1000 0101100100000001
0111011111101000 1001 0101001101111110
1110101010001001 1000 0101101101010100
1110101000100001 0110 0110001101010001
1101101110001110 0110 0110001011011100
0111011000100011 0011 0110101101100010
1011110000111011 0010 0111000111100010
1111001101011011 0011 0110111110011011
0110001001101100 0111 0101101000100111
0110000010111001 0111 0101101000001100
0001000000101011 1000 0100110000001011
0101001001101110 0001 0111000100100111
0001111010010001 1000 0100111110100100
0010001011111011 0100 0110000001011111
0001100000001101 1001 0100101000000011
1000001011001011 0100 0110100000010110
0010111000010111 0111 0101010111000011
1010011100001001 0111 0101110100111000
1110111000101100 1001 0101011101110001
0110010100110001 0100 0110011001010011
1101001010111101 0010 0111001010010110
0100010110100000 0000 0111010001011010
1010010010010010 1000 0101100100100101
0011011001110111 0000 0111001011001111
1000110100011111 0101 0110010001101001
1011110100001110 0100 0110100111101000
0110101000101101 0001 0111001010100011
0011101101000110 1001 0100111101101001
1010001011100101 0010 0111000100010111
1001101100011011 1000 0101100011011001
1010010100110011 0001 0111010100101010
1000111000111101 1000 0101100001110010
0100010011100101 0000 0111010001001110
0100101010100100 0100 0110010010101010
1010011101000010 0000 0111100100111010
0111111111100010 1000 0101011111111110
0001101101110100 1000 0100111011011101
0000010001011111 0101 0101000001011111
1010000011101100 1000 0101100100000111
0000110001100010 1001 0100011000110001
1101011001011010 0110 0110001010110011
1011000011111001 0010 0111000110001000
0111011010001100 0101 0110001101101001
1000101000000010 0111 0101110001010000
1111111100110101 0010 0111001111111010
1100011101110111 0010 0111001000111100
1001101111101001 1001 0101010011011111
1010010101000110 0000 0111100100101010
1101110000011110 0001 0111011011100001
0100101110011100 0001 0111000010111010
0100111010000000 1000 0101010011101000
1111001001001111 1001 0101011110010010
0000100011111011 0011 0101110001111110
1000000010111101 0000 0111100000000110
0010101110010101 0110 0101100101110011
1011101000000001 0100 0110100111010000
0010010101000100 0000 0111000010101000
0100101001111100 0110 0101110010101000
1010011111001100 0001 0111010100111110
1111111010000100 0000 0111101111110100
1001110101111000 0011 0110110011101100
1010011110000001 0011 0110110100111100
0100011110011001 1000 0101010001111010
1100110011011101 0001 0111011001100111
1101111011101010 1001 0101011011110111
1100101011010001 0001 0111011001010111
0100010110110111 0011 0110100001011011
0110110100011110 0001 0111001011010010
1010010011010000 0110 0110000100100110
0000001000000001 0101 0100110000000010
1100000010111000 0111 0101111000000110
0000101110001001 0101 0101010111000100
1110111010110010 1000 0101101101110110
1001100101100100 0111 0101110011001011
0111110111110101 0110 0101111111011111
0011101111110010 0110 0101101101111110
0110001011001011 0001 0111001000101101
1100000010010011 0101 0110011000000101
1001000001001010 0100 0110100010000010
0010000111101011 0100 0110000000111101
0100001011001110 0101 0110000000101101
0011010011111011 1001 0100111010011111
0100000000101000 0001 0111000000000010
0001111110000001 1001 0100101111100000
1111101111010011 0000 0111101111011111
0010111001011110 0000 0111000111001100
1000100111100011 0011 0110110001001111
1111110111010000 0010 0111001111101110
0010111000010101 0000 0111000111000011
0010100010000100 0101 0101110100010000
0011000110110001 1001 0100111000110110
0011111101000010 0010 0110101111101000
0000011000110010 0110 0100111000110010
1000100111101011 0100 0110100001001111
1111001001001100 1000 0101101110010010
1010101110110111 0001 0111010101011110
1001111110110111 0011 0110110011111110
0111011001100100 0101 0110001101100110
0101100011000001 1001 0101000110001100
1111010111001011 0110 0110001110101110
1000000010010000 0101 0110010000000100
0111101010111010 0100 0110011110101100
1111001111000110 0000 0111101110011110
0001110001110010 0110 0101011100011100
1110001101111010 0110 0110001100011100
0101101110100110 0001 0111000110111010
0011001111100101 0001 0110111001111101
0110101011111001 1001 0101001010110000
0010000100001101 0101 0101110000100010
1000000000011111 0011 0110110000000001
0000101001110010 0100 0101100100111001
1110101010010110 1000 0101101101010101
0011001111110011 0101 0101111001111110
1001000010000111 1001 0101010010000100
1110011010101111 0001 0111011100110101
1101011110000111 0001 0111011010111100
0001010111000000 0111 0101000101110000
1110010010001111 0100 0110101100100100
1110101000011010 0011 0110111101010001
1111000111110001 1001 0101011110010000
1010011011110010 0010 0111000100111000
0010111000001011 0001 0110110111000001
1101100100001011 0001 0111011011001000
1111100110010011 1001 0101011111001101
1110110111000001 0100 0110101101101110
1000001101111101 0000 0111100000011100
0010001001001100 0001 0110110001001010
1001101100110001 0100 0110100011011010
1101100011001110 0011 0110111011000110
0011101000010110 1001 0100111101000011
1101000100101110 0000 0111101010001001
1000011011111110 1001 0101010000111000
1100110101011101 0100 0110101001101011
0000010110111001 0000 0110010110111001
0101011010011000 0010 0110110101101010
0100001100101100 0100 0110010000110011
1011010110000110 0110 0110000110101100
0110101100001000 0001 0111001010110000
0101001000010110 0110 0101110100100001
1010011100000100 0110 0110000100111000
1000011100011011 0100 0110100000111001
0001110100101001 1000 0100111101001010
1001100110011011 0101 0110010011001101
1001000100011011 0101 0110010010001001
1000100001011010 0100 0110100001000011
0100010101100100 0100 0110010001010110
1000111110110010 1001 0101010001111110
1100000100101101 1000 0101101000001001
0110111010001001 0110 0101111011101001
1001010110001101 0000 0111100010101100
1100001010000010 0001 0111011000010100
0111001000111011 1000 0101011100100100
1000101100011000 0011 0110110001011001
1011001001001100 0001 0111010110010010
0001111110001100 1000 0100111111100011
0000100110100001 0101 0101010011010000
0000100000111110 0100 0101100000011111
1100101010111101 0000 0111101001010110
1110111111111100 0000 0111101110000000
1100101010100110 1000 0101101001010101
0100100001111110 0101 0110000010001000
0001011001110101 0000 0110110110011101
1010010011100001 0100 0110100100100111
1010101110010011 0001 0111010101011101
1110011010101100 0111 0101111100110101
1101110111000000 0001 0111011011101110
1110011110110011 1001 0101011100111110
1000100001010001 0111 0101110001000011
1100000000100011 0100 0110101000000001
1001010000101111 0001 0111010010100001
1010001011111010 0000 0111100100011000
1100010011011111 0010 0111001000100111
1110101100111111 1000 0101101101011010
1001011101001110 0100 0110100010111010
1110000110001101 1001 0101011100001100
0111110100010100 1001 0101001111010001
0011001000010011 1001 0100111001000010
1101010100000000 0101 0110011010101000
1101111100010111 1000 0101101011111001
1111100001100111 0101 0110011111000011
0011011011010011 0111 0101011011011010
0111101101010010 0111 0101101110110101
1111100110011111 1001 0101011111001101
0101101001111000 0001 0111000110101000
1000011100010111 0100 0110100000111001
0011000010111010 0111 0101011000010111
0100101011111111 0000 0111010010110000
0111100000001000 1000 0101011110000000
1101010011101000 1000 0101101010100111
1000011010110001 0101 0110010000110110
1011111000111001 0000 0111100111110010
0010100101111011 0011 0110010100101111
0010011000100101 1000 0101000011000101
1000101010100000 0110 0110000001010101
0011101000100011 0110 0101101101000100
0001000001101111 0010 0110010000011100
0101001000001101 0100 0110010100100001
1011100101001001 0101 0110010111001010
1111001110100001 0011 0110111110011101
1111000111101111 0010 0111001110001111
1101011000001111 0100 0110101010110000
1100000110100011 0111 0101111000001101
0011010010100110 0111 0101011010010101
1101001010011001 0110 0110001010010101
1010101100000010 0100 0110100101011000
0100110110000110 0001 0111000011011000
1110011000101101 0100 0110101100110001
0100000010101100 0111 0101100000001011
1110010001001011 0111 0101111100100010
0101111010010001 0000 0111010111101001
0100001010110111 1001 0101000000101011
0001001010000000 1000 0100110010100000
1100001101111010 0001 0111011000011100
0100100000111001 1001 0101000010000100
0101111110100110 0011 0110100111111010
1111000011010110 0011 0110111110000111
0101110111011100 0000 0111010111011110
0010111111010011 0100 0110000111111010
0101101001100101 0011 0110100110100110
1010011101100011 0110 0110000100111011
1000011101000001 0001 0111010000111010
1100010100101110 1001 0101011000101001
0100011001100101 0101 0110000001100110
1110011101001101 0011 0110111100111010
1111101011011000 1001 0101011111010111
0011010101000010 1000 0101001010101000
1010101011010000 0011 0110110101010110
1101010111110001 1000 0101101010110000
0101111110110000 0111 0101100111111011
1010001010111101 0110 0110000100010110
0010010101011001 1001 0100110010101011
0001010001011011 0011 0110000100010111
1001101101010100 0110 0110000011011011
1101101100101101 0000 0111101011011001
0000100010110111 0000 0110100001011100
1101001101010011 0011 0110111010011011
0110010100011110 0011 0110101001010010
0101001111001101 0001 0111000100111101
0000100111001000 0001 0110010011100100
1011001111011000 0110 0110000110011111
0111100100010111 0110 0101111110010001
1010111000100011 0010 0111000101110001
1011011100011110 0000 0111100110111001
0010100100100101 1001 0100110100100101
1100110100011010 0111 0101111001101001
1011111010100101 0101 0110010111110101
1100001110001001 0011 0110111000011100
1011000100011100 0110 0110000110001001
0011010001110100 1000 0101001010001110
1011001101110001 0100 0110100110011100
0011110111001100 0001 0110111110111010
0110011101001000 0010 0110111001110100
0101110110101001 0011 0110100111011011
0100110011111010 1001 0101000011010000
0100101000111100 0011 0110100010100100
0110111110111000 1000 0101011011111100
1011111011001010 0110 0110000111110110
0000110110111001 0110 0101001011011100
0010111011010010 0000 0111000111011010
1100011000011100 0101 0110011000110001
1101100101110100 0111 0101111011001100
0000010100001100 0010 0101110100001100
0001010101011001 0000 0110110101010110
0111101001011110 1000 0101011110100110
0100011000001111 0101 0110000001100001
1010000100110001 0101 0110010100001010
1000111010100001 0101 0110010001110101
0111111101001000 0000 0111011111110100
1011011001000111 0100 0110100110110010
0011100100101110 0000 0111001100100110
0001100000000110 0010 0110011000000010
1111111101000000 0000 0111101111111010
0011011100010001 0001 0110111011100010
0101111101011010 0000 0111010111110110
0100001010001001 1000 0101010000101001
0001000000110011 0010 0110010000001101
1000000000100100 0101 0110010000000001
1001111010001100 0111 0101110011110100
1011010011100100 0110 0110000110100111
1101011101001000 0011 0110111010111010
0110001110111100 0011 0110101000111100
1001111010111101 0100 0110100011110110
0111111001000111 0110 0101111111100100
0110110011101011 0000 0111011011001111
1001101000111010 0100 0110100011010010
1100011011111011 0100 0110101000111000
1101010111011101 0100 0110101010101111
0010010010010100 0111 0101010010010010
0111001011001101 0001 0111001100101101
1100000001011011 0011 0110111000000011
1000011101000101 1001 0101010000111010
0010011001111001 0101 0101110011001111
1100011101110110 0110 0110001000111100
0011011001111001 0111 0101011011001111
1100101111011111 1001 0101011001011111
1011100000111001 0101 0110010111000010
1010101101010101 0000 0111100101011011
0010111111011010 0001 0110110111111011
1111111011101101 0011 0110111111110111
0000000100110011 0111 0100000011001100
0111100101101101 0001 0111001110010111
1110000100100000 0001 0111011100001001
0110101010010111 1000 0101011010101001
1001010011111000 0011 0110110010101000
0111001011000100 0001 0111001100101100
0101100000100010 0111 0101100110000010
1110100101011111 1001 0101011101001011
1110011001110000 0110 0110001100110100
0011000001101000 0101 0101111000001101
1000100001010011 0011 0110110001000011
1011010110100100 0111 0101110110101101
0001100110101101 0101 0101101001101011
1011001000010000 0000 0111100110010000
0001100010101101 0010 0110011000101011
1101100010011110 1000 0101101011000101
0000001011100100 0000 0110000111001000
1101111000001011 0011 0110111011110000
1001011100111101 0001 0111010010111010
0001000000000011 0101 0101100000000001
1010010110100111 0010 0111000100101101
1101001010001100 1001 0101011010010100
1011011000010011 1000 0101100110110001
0011011011001001 0000 0111001011011001
0010011100101010 0110 0101100011100101
0101101001010100 0010 0110110110100101
1001010111011101 1001 0101010010101111
0000010011110000 0110 0100110011110000
0001011010001101 0010 0110010110100011
1011001111010110 0000 0111100110011111
1001111011101010 0100 0110100011110111
1100111100111101 1001 0101011001111010
0001011110110111 0110 0101010111101110
0011010110000000 0001 0110111010110000
0110000011100101 0000 0111011000001110
1111100110000100 0000 0111101111001100
1011100100111110 1001 0101010111001010
1011011010101100 0010 0111000110110101
0101111110110101 0011 0110100111111011
0001111100110100 1001 0100101111001101
1110111000010100 0001 0111011101110001
0011001000010011 0101 0101111001000010
0111010110000111 1000 0101011101011000
1110000011000011 0000 0111101100000110
0010001000010000 0010 0110100001000010
0000001011101101 0010 0101100111011010
0100011000010001 0111 0101100001100001
0011011011001110 0000 0111001011011010
0000011011011001 1001 0100001011011001
1111100110111011 0001 0111011111001110
0110110000100111 1000 0101011011000010
1100000101100101 1001 0101011000001011
1000110000100100 0100 0110100001100001
0010001001010101 1000 0101000001001011
0011010101101000 0010 0110101010101101
1011000000110010 0110 0110000110000010
1000010110001010 1000 0101100000101100
0000111001110010 1000 0100101100111001
0000000101010111 1001 0011100101011100
0010101011001000 0111 0101010101011001
0110110001000111 0111 0101101011000100
0100100100110111 1000 0101010010010011
1011000011110111 0101 0110010110001000
1000001001100100 0010 0111000000010011
1010110011011001 0011 0110110101100111
0111100010000111 0111 0101101110001000
1011111010010110 0010 0111000111110101
0101111101001010 0000 0111010111110101
0111010001000110 0110 0101111101000100
0111011100000001 1001 0101001101110000
1110000101101110 0100 0110101100001011
1010011010001110 1000 0101100100110100
0100000011000000 0111 0101100000001100
1000010010111001 0110 0110000000100110
1001010111110001 0100 0110100010110000
1001111010010100 0110 0110000011110101
0011011001011111 0110 0101101011001100
1010011110000110 0111 0101110100111100
1100111000101011 0101 0110011001110001
1000010101000110 1001 0101010000101010
0110011110110000 0000 0111011001111011
1001000011010001 0110 0110000010000111
0101001111101111 0100 0110010100111111
1010011001100001 0110 0110000100110011
0110010011011010 1001 0101001001001110
0100100000001011 0000 0111010010000001
0011001010001011 0111 0101011001010001
1101100100001101 1000 0101101011001000
1101001100111001 0011 0110111010011010
1100101111100100 1000 0101101001011111
1110001110100001 0100 0110101100011101
0110001111100000 0111 0101101000111110
1100101100100001 1000 0101101001011001
0110000011011001 0011 0110101000001110
1101100100001100 0001 0111011011001000
1011101010001101 1001 0101010111010100
0110001011001111 0110 0101111000101101
1101110101110011 0110 0110001011101100
1110011110101100 0000 0111101100111101
0111010110111101 0111 0101101101011100
1001110111100011 0011 0110110011101111
0001100000110111 0100 0101111000001110
0000010110000111 0011 0101100110000111
1001111010110011 1000 0101100011110110
1001101010101111 0010 0111000011010101
0000010011100011 1000 0100010011100011
0000111001111010 1000 0100101100111101
0011110101110001 0100 0110001110101110
0000011100101010 1001 0100001100101010
0001100100011101 0011 0110001001000111
1001111011011100 0110 0110000011110111
1100000011000100 0101 0110011000000110
0011100110000011 1001 0100111100110000
0011001000011101 0100 0110001001000100
1010010011000000 0100 0110100100100110
1010000011110111 0011 0110110100001000
1100100101110111 1000 0101101001001100
1110111010101111 0110 0110001101110101
1000010111100111 1001 0101010000101111
0100001010011001 0011 0110100000101010
1101011001010110 1000 0101101010110011
1001100101110111 0010 0111000011001100
0111100110000110 1001 0101001110011000
0100100000111100 0000 0111010010000100
0101010011011100 0110 0101110101001110
0011111000110111 0110 0101101111000111
0010101100000101 0011 0110010101100001
0001110111101101 0110 0101011101111011
0110000101000111 0010 0110111000010100
1101001010111100 0000 0111101010010110
1110011010001100 0011 0110111100110100
1011111111100100 0110 0110000111111111
1101011100110001 0001 0111011010111010
0000101101100100 0000 0110100110110010
0110101010101001 0001 0111001010101011
0101001110111110 0001 0111000100111100
1111001011111001 0001 0111011110011000
1011010001101000 0111 0101110110100011
1010100111111010 0011 0110110101010000
0011001101110110 0101 0101111001101111
1001110001011111 0100 0110100011100011
1111100101101100 0101 0110011111001011
1000000101000010 0101 0110010000001010
0111001110110110 0001 0111001100111011
0100100110110111 0101 0110000010011011
1110011111011000 1000 0101101100111111
1100010101100111 0110 0110001000101011
0001011011011011 0101 0101100110110111
1001101110011101 0011 0110110011011101
1011101100111101 0101 0110010111011010
1111111011001110 0001 0111011111110110
1110010011000011 0000 0111101100100110
1000011101011010 0000 0111100000111011
0010110011110001 0001 0110110110011110
1000101010101110 0100 0110100001010101
1110001001011010 0111 0101111100010011
1000001010111100 0000 0111100000010110
0010100001111100 0010 0110100100010000
0000001111011100 0110 0100101110111000
0011011111010111 0100 0110001011111011
1100111010011001 0010 0111001001110101
1000110110101101 0100 0110100001101101
0110010111001011 0110 0101111001011101
0011101000011110 1000 0101001101000100
0111110011011010 0011 0110101111001110
0000100000010001 1001 0100010000001000
1000100111101110 0100 0110100001001111
0000110011101000 0100 0101101001110100
1000010001010010 0101 0110010000100011
0100011110111000 0001 0111000001111100
0111101101001010 0000 0111011110110101
1110010101110001 1000 0101101100101100
1000110010100000 1000 0101100001100101
0101111100001001 0000 0111010111110001
0001110000010001 0010 0110011100000100
0110010000010011 0011 0110101001000001
0101010010000001 0000 0111010101001000
0010011000000100 0000 0111000011000000
0110010101111001 0101 0110001001011000
0011100001010111 1001 0100111100001011
1001111001100100 0000 0111100011110011
1111011001110001 0000 0111101110110100
1000111111000111 0001 0111010001111110
1101111111011111 0110 0110001011111111
1011111011010101 1001 0101010111110111
1011100000001010 0010 0111000111000000
0100111001000101 0100 0110010011100100
0111100010010001 0001 0111001110001001
1010100001100111 0110 0110000101000011
1111110000011110 0110 0110001111100001
1001100000011001 0000 0111100011000001
1010111100011001 0000 0111100101111001
0001001011100111 0011 0110000010111010
0110011001111100 0101 0110001001101000
0001000110100110 0101 0101100001101010
0111011100110110 0001 0111001101110011
0101100110100000 0000 0111010110011010
0101010101101010 1000 0101010101010111
0101001001011111 0011 0110100100100110
1011101111001010 1001 0101010111011110
1100001101010001 0110 0110001000011011
0001000111010000 0111 0101000001110100
1110111111000001 0100 0110101101111110
0110011110011111 0100 0110011001111010
1101100110101100 1001 0101011011001101
1101010111100101 0011 0110111010101111
1101011100111011 1000 0101101010111010
1001011011111111 0110 0110000010111000
0010000011001111 0100 0110000000011010
0000001000101011 0110 0100100001010110
0110110110000011 0100 0110011011011000
0101001111100000 0010 0110110100111110
1001111011000010 0110 0110000011110110
0100101110000000 0111 0101100010111000
0101111101000100 1001 0101000111110100
1100010111110011 0001 0111011000110000
0010100000000101 1000 0101000100000001
1101000010101001 0001 0111011010000101
1100001010001110 0110 0110001000010100
0011101011101000 0111 0101011101011101
0010001111100010 1000 0101000001111100
1110111011110100 0011 0110111101111000
1011100010110101 0000 0111100111000110
0001111000111000 1000 0100111110001110
1100001100001011 0100 0110101000011000
0000101001100101 0111 0100110100110010
0010011010101010 1000 0101000011010101
1100111100110110 0110 0110001001111010
0000010101111100 0001 0110000101111100
0110000000001111 0010 0110111000000001
1100000101110110 0011 0110111000001100
0010011110101011 0100 0110000011110101
1111011110000100 0010 0111001110111100
1001000110001010 1001 0101010010001100
0110010000111010 1001 0101001001000100
1001110111110100 0100 0110100011110000
1111001101010001 0010 0111001110011011
1000110111100100 0010 0111000001101111
1001000100100100 0100 0110100010001001
1010010001001010 0000 0111100100100010
1000001100010010 0001 0111010000011001
1000100001111001 0011 0110110001000100
0111011100111101 0110 0101111101110100
0001110000001111 0011 0110001100000100
1000110011011100 0101 0110010001100111
0010110100101101 1001 0100110110100110
1011011100110101 0100 0110100110111010
0011101100111111 0110 0101101101101000
0110101011001101 0111 0101101010101101
1010110010100100 0111 0101110101100101
0110111010000111 0000 0111011011101000
0010011110001101 0101 0101110011110010
1111000111001110 0010 0111001110001110
1010111111001000 1001 0101010101111110
0111011000110000 0001 0111001101100011
0010000100010000 0111 0101010000100010
1111101110110011 0010 0111001111011110
0010010010010000 0101 0101110010010010
1110000000011110 0111 0101111100000001
1110001110001110 0001 0111011100011100
1010110001101101 0010 0111000101100011
0001010011100110 0000 0110110100111010
0111010011101010 0110 0101111101001111
1001000101101011 1001 0101010010001011
0010100101110001 0001 0110110100101110
0001001011010101 0111 0101000010110101
1010101100011110 0110 0110000101011001
1000111111000011 0100 0110100001111110
1000010100100110 0010 0111000000101001
1110001001011001 1000 0101101100010011
1100010110101100 0100 0110101000101101
0101111000100110 1000 0101010111100010
0100111011001101 0111 0101100011101101
1111110000101011 0010 0111001111100001
1101111111001111 0000 0111101011111110
1110011111001010 0100 0110101100111110
1100111100010001 1000 0101101001111001
1110101001011111 0001 0111011101010011
0000010110100111 0000 0110010110100111
1010010011100100 0000 0111100100100111
1111010110100110 0010 0111001110101101
1010100110110011 0001 0111010101001110
0101100010000011 0100 0110010110001000
1110111001101010 1000 0101101101110011
1111100111100010 0001 0111011111001111
1110001100101011 1001 0101011100011001
0010011011110100 0001 0110110011011110
1110101001111110 0011 0110111101010100
0001010000101110 0101 0101100100001100
0111001011110001 0011 0110101100101111
0111110110111001 1000 0101011111011100
0110001110110001 1001 0101001000111011
1011000110111010 1000 0101100110001110
1111110001011100 1001 0101011111100011
1010000010111001 1000 0101100100000110
0010010000111101 0011 0110010010001000
1110101110101010 0000 0111101101011101
0000110110111101 0111 0100111011011110
1101101110010110 0111 0101111011011101
1010101000001100 0001 0111010101010000
0110011011101100 0000 0111011001101111
0110011100101100 0111 0101101001110011
0010011001010110 0111 0101010011001011
0000001111110100 0001 0101111111101000
0011110111011101 0110 0101101110111100
1100111101111000 1000 0101101001111100
1010100000001100 1000 0101100101000000
0001010100101001 1000 0100110101001010
1111011011111000 0111 0101111110111000
1011111010001101 0000 0111100111110100
1101010001101010 0101 0110011010100011
1101110111000011 0111 0101111011101110
0000011010100110 0111 0100101010100110
1101001111010010 0111 0101111010011111
1111010101101100 1000 0101101110101011
1110001111101110 0101 0110011100011111
0101000011101110 0010 0110110100001111
0001101001001100 0011 0110001010010011
1000110011011110 0101 0110010001100111
1101101111001000 0111 0101111011011110
1001111110010011 1000 0101100011111101
1011000110000111 0000 0111100110001100
1000111001000101 0000 0111100001110010
0101010010111000 0000 0111010101001100
0010101111001010 1000 0101000101111001
1010100100101010 0001 0111010101001001
1101101110111100 0110 0110001011011110
0100001001000011 0001 0111000000100100
1011110011111100 0011 0110110111101000
0001100001100000 0010 0110011000011000
0011010010110010 0010 0110101010010110
0111110111010000 0110 0101111111011101
0011100001101001 0111 0101011100001101
0101000010110000 0010 0110110100001011
0100001100000010 0110 0101110000110000
0010011110100101 0011 0110010011110101
1111100011011101 0101 0110011111000111
0110001111110000 0001 0111001000111111
0011001111001111 0000 0111001001111010
0100100100101111 1000 0101010010010011
1000100011011010 0000 0111100001000111
0010011110111101 0100 0110000011111000
1110011011100111 1000 0101101100110111
1100111001100001 0011 0110111001110011
0101000010110000 0000 0111010100001011
0011011100100101 1000 0101001011100101
1111110100111011 1001 0101011111101010
1111111111110000 0110 0110010000000000
0111011101101101 0010 0110111101110111
0100000000000011 1001 0101000000000000
0010110001001011 0001 0110110110001001
0100111000011011 0000 0111010011100010
0110110010001011 0000 0111011011001001
1000110000000100 0101 0110010001100000
0101000100100000 0011 0110100100010010
1101010110100011 0100 0110101010101101
1001011100011111 0101 0110010010111001
1101101100111111 0000 0111101011011010
1011001010100101 0111 0101110110010101
0001100001110011 1000 0100111000011101
0000101011000001 0000 0110100101100000
0110101100000101 1001 0101001010110000
1000001011100001 0111 0101110000010111
0101100001000001 0000 0111010110000100
1111001011100000 1001 0101011110010111
1001100010100010 0000 0111100011000101
1101001010100000 1000 0101101010010101
1001110110111111 0000 0111100011101110
0111001011000000 0010 0110111100101100
0110110111010000 0101 0110001011011101
0100111000101010 0000 0111010011100011
0111100010001111 1001 0101001110001001
0100100011000100 0011 0110100010001100
0000111001011100 0101 0101011100101110
0101010001010010 0101 0110000101000101
1011011110111000 0110 0110000110111110
1001101000110010 0111 0101110011010010
0111101001001010 1000 0101011110100101
0000011000010000 0110 0100111000010000
1111110010011000 0100 0110101111100101
1100110111100110 0111 0101111001101111
1010100001100111 1001 0101010101000011
0111111101110010 0110 0101111111110111
1010111001011000 0100 0110100101110011
1110100000011110 0101 0110011101000001
0100111111111011 1001 0101000100000000
0011100000000101 1001 0100111100000001
0100100110010101 0100 0110010010011001
1110111010001101 0011 0110111101110100
1100100101111001 0111 0101111001001100
1110000110100111 0100 0110101100001101
0010100011001100 0001 0110110100011010
0000010011110000 0100 0101010011110000
1100011111111110 0110 0110001001000000
0000001110111011 1000 0100001101110110
1011000110011110 1000 0101100110001101
1101101101111011 1000 0101101011011100
0001011110110001 0110 0101010111101100
1000111101110100 0001 0111010001111100
0010010001101010 1000 0101000010001101
1101101100111001 0001 0111011011011010
0111100010010000 1001 0101001110001001
1100011100011001 1001 0101011000111001
1001100000101100 0000 0111100011000001
0010100000011010 0010 0110100100000011
1111111011010010 0100 0110101111110111
1011100110010001 0100 0110100111001101
0100011101011100 0101 0110000001110110
1010100110010001 0111 0101110101001101
1111001011001101 0111 0101111110010110
1001000000101010 0111 0101110010000001
1101111111000011 0101 0110011011111110
1110000011101000 0111 0101111100000111
0001001001000000 0011 0110000010010000
1101100010001101 0100 0110101011000100
1110100010110101 1001 0101011101000110
1011101111110001 0010 0111000111100000
1000000110100110 0110 0110000000001101
0000001101110011 0111 0100011011100110
1000011001110110 0111 0101110000110100
1110010111010101 0011 0110111100101111
1010100001100001 0111 0101110101000011
1110000110110010 0010 0111001100001110
1001110011011100 0001 0111010011100111
0111100000111111 1001 0101001110000100
1100111001010010 0011 0110111001110011
1101011110000011 0111 0101111010111100
0101000101110001 0110 0101110100010111
1100010000001111 1001 0101011000100000
1101011000010010 0110 0110001010110001
0011001111101110 0110 0101101001111110
0000010101000011 0110 0100110101000011
1101110010100100 0010 0111001011100101
1010100100000001 0100 0110100101001000
1111111110000010 0010 0111001111111100
1011001100111010 0101 0110010110011010
0101101000101010 1001 0101000110100011
1001011010110010 0001 0111010010110110
1000110010100011 1001 0101010001100101
0100110001001000 0001 0111000011000100
0011110101000000 0100 0110001110101000
1000011110100110 0010 0111000000111101
1111100101010111 1001 0101011111001011
0011110000011111 0011 0110011110000100
0100011111111110 0010 0110110010000000
1001001001010001 0011 0110110010010011
0100010010010000 0011 0110100001001001
1101111110001000 0111 0101111011111100
1000011111111101 1000 0101100001000000
0010011001001101 0011 0110010011001010
1010000011111110 0110 0110000100001000
1100111010011000 0010 0111001001110101
1110110011001011 0111 0101111101100110
0010010011111100 1001 0100110010100000
0010001000101001 0110 0101100001000101
0000010110010001 0111 0100100110010001
0100001111000010 0111 0101100000111100
1110001011010110 0111 0101111100010111
1000110101110100 1001 0101010001101100
1111001011001010 0010 0111001110010110
1101110100001110 0100 0110101011101000
0010101101010011 0010 0110100101101010
0011111000111110 1000 0101001111001000
0000010011001001 0000 0110010011001001
0110100100000101 0111 0101101010010000
0011010001100111 0101 0101111010001101
1110001100101111 0010 0111001100011001
1011010100111010 0000 0111100110101010
0101000010001001 0110 0101110100001001
0101101000101101 0001 0111000110100011
0100010011111110 0101 0110000001010000
0000101011010110 0100 0101100101101011
0110011010100010 0110 0101111001101010
1111101101101111 1001 0101011111011011
1010110010110001 1001 0101010101100110
0000110100110010 0011 0101111010011001
0101000000110011 0011 0110100100000011
0011001001000100 0111 0101011001001000
1010001011000011 0011 0110110100010110
1111111111011011 0100 0110101111111111
1101101110000010 1001 0101011011011100
0101101100001110 0110 0101110110110001
0011110001011110 0110 0101101110001100
1001101110111101 0101 0110010011011110
1101010000110110 0111 0101111010100010
1010000010110111 1000 0101100100000110
1110000101110111 0000 0111101100001100
1011110100111001 0111 0101110111101010
1010111101100110 0000 0111100101111011
0101010110100111 0100 0110010101011010
1111000011011111 1001 0101011110000111
1010100110111100 0000 0111100101001110
0111100110100100 1000 0101011110011010
0111000000000010 0111 0101101100000000
1000010110000100 1000 0101100000101100
1000110101010111 0110 0110000001101011
0111111101111101 1001 0101001111111000
0001111100010111 0100 0101111111000110
1100101110011010 0001 0111011001011101
0101100011111001 0101 0110000110010000
0010101100010101 1001 0100110101100011
0011010111010011 0010 0110101010111010
0010101001011000 0011 0110010101001011
0001011010111111 0110 0101010110110000
0111010101011001 0000 0111011101010110
0101101011100101 0100 0110010110101110
1101010100111011 0001 0111011010101010
1111011101101100 1000 0101101110111011
0001000011101000 0111 0101000000111010
1000001010100101 1001 0101010000010101
1000010011110111 0101 0110010000101000
1011010010101011 0110 0110000110100101
0010011010101001 0101 0101110011010101
0010110001101101 1000 0101000110001110
1111000111111010 0111 0101111110010000
0011111110100101 0101 0101111111110101
0001110001111000 0100 0101111100011110
1101110011110000 1000 0101101011101000
1010101000011010 0000 0111100101010001
1101000000011000 0111 0101111010000001
1111100010010011 0011 0110111111000101
0001010001000111 0100 0101110100010010
1101000101101010 0010 0111001010001011
1101101011010010 0011 0110111011010111
1011110010111100 1000 0101100111100110
1111011110000111 0001 0111011110111100
1111000111001101 1000 0101101110001110
0110001010101100 0011 0110101000101011
0110111101000100 0101 0110001011110100
1110011011111011 0101 0110011100111000
0000010101000101 0110 0100110101000101
0110010111001011 1000 0101011001011101
0000000100110000 0001 0101100011000000
1101011101010010 0100 0110101010111011
0011000101100111 0011 0110011000101101
1010110111101111 0001 0111010101101111
0110101000101101 1001 0101001010100011
1111011001001101 0001 0111011110110010
1110000011111110 0010 0111001100001000
0010100110100110 0110 0101100100110101
1000000011011101 1000 0101100000000111
0001000111111010 0010 0110010001111110
0100010111100100 0110 0101110001011110
0110111011100110 1000 0101011011101110
0011001111010110 0000 0111001001111011
0101011110000110 1001 0101000101111000
1010010110011011 0001 0111010100101101
1010000011111110 0010 0111000100001000
0100100000001111 1000 0101010010000001
1100101110011001 1000 0101101001011101
1001000110000011 0011 0110110010001100
0110000000111110 0111 0101101000000100
1001011110110101 0101 0110010010111110
1110100100000111 0011 0110111101001000
0101111101000010 0011 0110100111110100
1110111011010001 0111 0101111101110111
0100101010100001 0111 0101100010101010
1110000110110101 0010 0111001100001110
1111100100010011 0100 0110101111001001
1000110101101100 0111 0101110001101011
1100100111111100 0100 0110101001010000
0011101011011010 0101 0101111101011011
0000011000100110 0110 0100111000100110
0010001101111101 0011 0110010001110000
1111000111100110 0101 0110011110001111
1101100101001100 0000 0111101011001010
0000011000101100 1000 0100011000101100
0111101111000101 1000 0101011110111100
0010110111000010 0100 0110000110111000
0011111111001101 1000 0101001111111010
0101111100100110 0001 0111000111110010
1110111110011111 0010 0111001101111101
0011111100100000 0111 0101011111100100
0111111010101110 0110 0101111111101011
1000101110000001 0000 0111100001011100
1001001011011101 0000 0111100010010111
0001101001010111 0100 0101111010010110
1011011000110110 0100 0110100110110010
0001110001011000 0110 0101011100010110
0011100101111101 1001 0100111100110000
0111100000110010 1001 0101001110000011
1101011101100001 0011 0110111010111011
1101110001001000 0010 0111001011100010
0111100000100111 0110 0101111110000010
1100001011100000 0010 0111001000010111
1101101010110010 0100 0110101011010110
0101001011000000 0010 0110110100101100
0000110001011000 0001 0110011000101100
0000010111111101 0010 0101110111111101
1010011001111101 0000 0111100100110100
0000101001100011 0000 0110100100110010
0111010110110111 0000 0111011101011011
1110100111110000 1000 0101101101010000
0101100110100111 0000 0111010110011010
1101000010001100 0000 0111101010000100
1100110001101111 0010 0111001001100011
1011100111101010 0110 0110000111001111
0000111011000111 0100 0101101101100100
0000111011000110 0010 0110001101100011
1100110010001000 1000 0101101001100100
1011010101101101 0111 0101110110101011
1101110001101010 0010 0111001011100011
1100000001001100 0011 0110111000000010
1001011000001001 0101 0110010010110000
1101100001111101 0100 0110101011000100
0111000011010001 0011 0110101100001101
1001001011011101 0111 0101110010010111
1100101010010101 0011 0110111001010101
1101001000110110 0010 0111001010010010
1000111100010000 0011 0110110001111000
1111100110010010 0111 0101111111001101
0111011010011101 0111 0101101101101010
0110101111001111 0100 0110011010111101
0001011010110110 0011 0110000110101110
0011100111111001 0001 0110111100111111
0101001001100000 0010 0110110100100110
1110100001110100 0101 0110011101000100
1110010010010100 1000 0101101100100101
0011001110010001 0010 0110101001110010
0000101001010101 0011 0101110100101010
0100101010111010 1000 0101010010101100
0001000110101010 0001 0110100001101010
0010111100010111 1001 0100110111100011
1010011001001110 0110 0110000100110010
1000000110000001 0101 0110010000001100
1011000110110000 1001 0101010110001110
1011110111001001 0001 0111010111101110
1101010110000011 1000 0101101010101100
1101010010110011 0101 0110011010100110
0101010101011111 0111 0101100101010110
0010100100110011 0111 0101010100100110
1000010100111011 1000 0101100000101010
0101010100011010 0110 0101110101010010
1110101101111001 0001 0111011101011100
0101100101110000 1001 0101000110010111
1011101110010110 1000 0101100111011101
1111010110110100 0101 0110011110101110
0010100011010110 0110 0101100100011011
1111000001011111 0001 0111011110000011
0000100111111000 1000 0100100011111100
0010001010000010 0111 0101010001010000
0110000000010110 0011 0110101000000001
0111110000010001 0011 0110101111000001
1100100111100101 0010 0111001001001111
1011100100010000 1000 0101100111001000
0011000000101011 1001 0100111000000101
1110011101001110 0000 0111101100111010
0101110011110110 0110 0101110111001111
0000010010011100 1000 0100010010011100
0111100101001111 0111 0101101110010101
1111100000111001 0100 0110101111000010
0000101111010001 1000 0100100111101000
0101110011101011 0101 0110000111001111
1100100110011100 0001 0111011001001101
1010110100000010 0101 0110010101101000
1111101010011001 0111 0101111111010101
1000110001010100 0111 0101110001100011
1111010010111010 0000 0111101110100110
0011101000000111 1000 0101001101000001
1100011100001101 0010 0111001000111000
1111000001001111 0110 0110001110000010
0100101111001000 0001 0111000010111100
0110000011110111 0100 0110011000001111
1111001000001100 0011 0110111110010000
0110010001100100 0001 0111001001000110
1010111011011010 0010 0111000101110111
0010100011110010 0101 0101110100011110
1110101010010001 0011 0110111101010101
1111100000011101 1001 0101011111000001
0101100101111101 0101 0110000110011000
0111111111100000 0010 0110111111111110
0011011101111000 0000 0111001011101111
0111111100010101 0010 0110111111110001
