0111100101010011 1111100011010010 0110110000001000
0111001110100101 1111101110110011 1111100111001010
0111100000011000 0101110011000000 0111100000100001
1111101011111000 1111010111100001 1111110000000000
1111100010010111 1111010011010100 1111101100000001
0111100101100010 1111101101001001 1111001110011100
1111101001011010 1111101111000001 1111110000000000
1111101110111000 0111000110111111 1111101001001001
0111100001000001 0111100000110000 0111110000000000
0110101001101011 1110110111001000 1110100100100110
0111101100101100 0111011100101111 0111110000000000
1110110111110111 0111001000101000 0110111001011010
0110111000100110 0111010101100000 0111011011101001
0110110110011011 0111000110011110 0111010000110101
1111010101001110 0111101100100000 0111100001111001
1111000111100000 0111100101100001 0111011111010010
1111100100101001 0110010100101101 1111100100000000
0111101110000101 1111010100001000 0111100100000001
0110100010101001 0111101110100010 0111101111101100
1111011100101111 0111000100110111 1111010010010100
0111011010000010 1111101000110111 1111010111101100
0111100110011110 1111011100011101 0111010000100000
0111011110100111 0111011010010100 0111101100011101
0111010010100001 0111101001101010 0111110000000000
0111101100010110 1111011000010100 0111100000001100
0111000100111101 0111010110101000 0111100000100011
0111011011100111 0111010110101001 0111101001001000
0111100110010110 1111011000100101 0111010100001000
1111010101011000 0111101000101010 0111011011111100
1111101101111110 1111100110001001 1111110000000000
0111101101001111 1111010000101001 0111100100111011
0111100011111101 1111101001111110 1111001000000100
0111101111000101 0111001000010100 0111110000000000
1111101001011001 0111101001001001 1110000000000000
0111101010101100 1111101010010101 0110000111000000
0111100011001001 1111010001000011 0111010101010000
1111100110111001 0111100100010111 1110110100010000
0111010001011100 1110101101100011 0111001011100000
0111101110100010 1111101111001010 1110010100000000
1111000110100010 0111100010110001 0111011010010010
1111010111010001 1110111111001001 1111011111000011
1111100000011100 1111100001000010 1111110000000000
0111011100000100 1111010110100100 0110110110000000
1111010011101010 0111000001001010 1111000110001010
0110010101100110 0111010011000101 0111010100011011
0111011101001111 1110111111101010 0111010101010101
0111011110010100 0111011001110101 0111101100000100
1111011001111111 1111100111010011 1111110000000000
0111010101001110 1111101110111010 1111100100010011
0111010001001101 1111101001011011 1111100000110101
1111101010100010 1111101110010000 1111110000000000
1111100101110011 1111000101100000 1111101011001011
0101111110110011 1111101101000000 1111101100110001
0111101011010000 0111100010111101 0111110000000000
0111100001111011 0111101110110010 0111110000000000
0111100000011011 1111100010101111 1110110010100000
0111101001011111 0111100001110100 0111110000000000
1111101110101110 1111011010101011 1111110000000000
1111010001001101 1111100000000010 1111101000101000
1111101101100111 1111101001100010 1111110000000000
1111010001011111 0111100010100001 0111010011100100
0111100010000101 1111101000011110 1111001001100100
0110101101000111 0111101000111011 0111101010101111
1111101100010110 0111100010010000 1111010100001100
0111011011100100 0111101101000101 0111110000000000
0111100110011000 1111011100011011 0111010000010110
1111100010101111 1111100110101100 1111110000000000
1111100000000101 0111100111001001 0111001100010000
1110111001010110 1111001110110111 1111010101110001
0111101001100111 0111101110000000 0111110000000000
0111100110010100 0111101101101011 0111110000000000
1111011111101100 1111100110110110 1111110000000000
0111101011111000 1110110100001010 0111101001010111
1111010100000001 1111000100011000 1111011110001101
0111101101101010 1111011010101111 0111100000010011
1110110110111111 0111010110100101 0111010000110110
1111001010011010 1111101110000011 1111110000000000
0111100010100110 0111000110101001 0111101000010000
1111101110001010 1111011000110100 1111110000000000
1111010101010010 1110111101001101 1111011100100101
1111000100111100 0111100011011000 0111011100010010
0111011001111011 0111101101100100 0111110000000000
0111100100100101 1111010010111101 0111010110001110
1111101011110101 1111101000000100 1111110000000000
1111010010011110 0111101101000111 0111100011111000
1111100011011010 1111101110000011 1111110000000000
1111101101001110 1111100010010110 1111110000000000
1111101001010101 1111011000101010 1111110000000000
1111101011000101 1111011011101011 1111110000000000
0111101011100101 1111100010110000 0111010001101010
1110111010010011 0111100011010010 0111100000000000
1111011001110010 0111001010100001 1111001001000100
1110110101100010 1111101111111001 1111110000000000
1110110111011101 0111101011101001 0111101000101110
0111010011110011 1111101011110111 1111100001111110
0111100110101001 0111011111000011 0111110000000000
0111101011010100 0111101110110101 0111110000000000
0111101000110111 1111100111011011 0110100111000000
0111010010111111 0110110100010011 0111011000000011
1111011111111000 0111010110000011 1111000011101010
0111100110000110 1110101100110110 0111100100010011
1111100011100100 1111101011100100 1111110000000000
0111001011110001 1111100011100111 1111011001010110
1111011100011101 0111100001001011 0110110111101000
0111101011111001 0111010001110000 0111110000000000
0111100001110110 0111010001001010 0111101010011011
1110111000110010 1110100110010101 1111000001111110
1111100001000110 0110111001111011 1111011011101110
1111010110111111 0111100100000111 0111010001010000
0111001110100001 0111011010000001 0111100100101000
0111000000101010 0110101100110000 0111000111110110
0101110110101111 1110111010101000 1110111001001110
0111010011000010 0111011110000001 0111101000100001
0110110101110001 1111100110010100 1111100011100110
1111100010001001 1111101110010111 1111110000000000
0111011111000000 0111010011110011 0111101001011001
1111011111110110 0111010001100100 1111001100100100
0111101111010101 1111010010111011 0111100101111000
0110010001101010 0111101010001001 0111101010101100
1111011010111001 0111011111100101 0110110010110000
1101101101100000 1110111110101000 1110111111100011
0111001111010100 1111101010111011 1111100011000110
0110101110101011 0111001100110000 0111010010001101
0111100111111011 1111011100001100 0111010011101010
1111100100100001 1111010000110010 1111101100111010
1111010101001100 1111011011101110 1111101000011101
0111100010011110 0111100110010110 0111110000000000
1111101101111100 0111100110110110 1111001100011000
1111101110011010 0111010010000000 1111100101011010
0111010110100001 0110110011011111 0111011011011000
1111100101100010 0111101000100010 0110111000000000
1110010110010000 1110100001100100 1110101100101100
1111000011100001 0111101101100000 0111101000101000
1111100011101111 1111101101111101 1111110000000000
1111100001100110 1111011110111100 1111110000000000
0111100011010100 0111101100000111 0111110000000000
1110110010001000 1111000001010001 1111001010010101
0111101101001000 1111100000011000 0111011001100000
1111010100110110 1111000000101101 1111011101001100
1111011001010111 0111000010101010 1111010000000010
1111100100100101 0111011011100110 1111001011001000
0110110101011111 0111101001010101 0111101100000000
0111101110110100 1111011010110101 0111100001011010
1111100110001000 0111100010001001 1110111111111000
1111100010101011 1111101111000010 1111110000000000
0111101000000001 0111010100000000 0111110000000000
0111101011101101 0110110101000100 0111101110010101
0111000100001001 1111101010011001 1111100101010111
1111100111001100 0111001110010110 1111011111001110
1111001101000010 1111011010111101 1111100100101111
0111011101001101 0111100110001001 0111110000000000
1111000100101100 1111001000001111 1111010110011101
0111100111101100 0111100000111110 0111110000000000
1111101110101111 0111101110101000 1101101100000000
1111101011110101 0110110101011101 1111101001001010
1111001010100101 1111101101111100 1111110000000000
1111011010111000 0111011000111001 1110011111110000
1111101000000001 1110111000011010 1111101011000100
1111100010100011 1111100000011010 1111110000000000
0111100000111010 0111010110000000 0111101011111010
0111000111110100 1111101100100010 1111100110100101
0111101110101010 1111100011100000 0111010110010100
1111000010110001 1111000110011100 1111010100100110
0111100011010000 1111010111010000 0111001110100000
0110100010000110 1111010100100111 1111010010010111
1111100101101101 0111011100001001 1111001110100100
0111101011111011 1111101110111000 1110110111101000
1111000110000010 1111101101111101 1111110000000000
0111011010010001 1111100000000101 1110110111101000
0111101111001110 0111101000110110 0111110000000000
1111010001000110 1111011001100000 1111100101010011
1111011011011000 0111101011111100 0111011100100000
1111000100110010 1111101010000110 1111101111010010
0111101110010001 1111000010101000 0111101001100111
0110110101111100 0111101010000011 0111101100110010
0110101111101000 1111100000110001 1111011101100110
0110111111001111 0111011110000011 0111100010111011
0111011100110100 0111100101111111 0111110000000000
1111000000110011 0111101011010011 0111100111000111
0111101110111111 0111010011110000 0111110000000000
1111101110010101 0111101010110100 1110111100001000
0111010011010101 1111100111100000 1111011011101100
1111101011111001 1111101110001001 1111110000000000
1111010000110110 0110100001101011 1111001101010010
1111100001100101 1111100110101010 1111110000000000
0111010010100101 0110111000011110 0111011000101100
1110010101110010 1111001111100011 1111010001001000
1111000010100111 1111101101100000 1111110000000000
0111011101011101 1110111100010101 0111010110011000
0110111100100101 1111101101100101 1111101010000001
0110110111011011 0111100110011110 0111101001011001
0111000011110010 1111100010001101 1111011010100010
0111101011100000 0111010110011000 0111110000000000
0111011111101111 1111010101110001 0111000011111100
0111011001111101 1111101010110001 1111011011100110
1111101010110101 1111100100010000 1111110000000000
0110110001011011 0111101110001010 0111110000000000
0111001101001101 0111100101010101 0111101100101000
0111101000100000 1111011101001100 0111010011110100
0111001010001001 1111101111011000 1111101000110110
1111011001100111 1111011001111100 1111101001110001
0111001001101010 1111100011000011 1111011001010010
0111100011000100 0111000110100011 0111101000101100
1110111011110000 1111010101111001 1111011100110101
0111000100100111 1111101001100011 1111100100011010
1111100000101011 0111011110110111 1110100100000000
0110000110010000 1111010010100110 1111010001111010
1111010000011111 0111001110100000 1110010011110000
1111100011100100 0111100110100001 0110110111101000
0111011001101100 1111101000001100 1111010110101100
0111101011010111 0111000100001111 0111110000000000
1111000010110000 0111011100010111 0111010010111111
0111101110101101 1111100110110110 0111001111011100
1111011001110000 0111011101100010 0110101110010000
1110110101100000 0111010111000010 0111010001101010
1111101011010110 1110111101101110 1111101111000011
1111100101110011 1111101000011100 1111110000000000
0111001101101000 0111000101111110 0111011001110011
1111101001000101 1111011001010110 1111110000000000
0110111001100000 1111000111100011 1110110101100110
1111010001100101 1110111101111001 1111011001000011
1111011011111011 1111101110010111 1111110000000000
0111011001110001 0111101000011101 0111110000000000
0111001001101000 0111100000011100 0111100110110110
0111100101111000 0111010010100010 0111101111001001
0111001000110101 0111010111110011 0111100010000110
1111101101000100 0111100000010101 1111011001011110
0111100011011011 0111010111111100 0111101111011001
1110101010110110 1111101001000100 1111101010101111
0111101100010101 1111010111110100 0111100000011011
0111011101101111 0111100001101110 0111110000000000
1111101000011111 1111100001101000 1111110000000000
1111010000001010 0111101100001110 0111100100001001
1110110100000101 1111011111111000 1111100010011100
1111001011111100 1111010010011101 1111100000001101
1111101000011110 1110110111000101 1111101011010110
0111101110101111 1111101010100111 0111000000100000
0111100000010100 1111011101110110 0110100110010000
1111011110001101 1111011101101011 1111101101111100
1111011101010000 0111011011000010 1110100001110000
1111100010001001 1111010111100101 1111101101111011
1111010011010011 0111010011001111 1101010000000000
1111100110111101 1110110010000000 1111101001001101
1111010011100110 1111011010001111 1111100110111010
1111100111010001 1111100111110110 1111110000000000
1111011001000111 1111001100001000 1111100011100101
0111011110001101 0111000110111111 0111100100110110
0111010000000010 1111001111010110 0101110111000000
0111100100100000 0111011001101001 0111110000000000
0111100010101111 0111101000100110 0111110000000000
1111001100001010 1111100111111011 1111101110111101
1110110001101110 0111100001000100 0111011101101110
1111010101101101 1111101010100010 1111110000000000
0110110000110001 0110110101010010 0111000011000001
1111000111111111 1111100111100010 1111101101100001
1111010100011100 0111100111111110 0111011011100000
0111100100011100 1110111110001001 0111100000101011
1111011000001110 1111010001011010 1111100100110100
1111000000100111 0111100110110010 0111100010101001
1111101100001010 0111001111000001 1111100100011010
0111010111111011 0111000111010010 0111100001110010
0111101101110001 0111010001011000 0111110000000000
1111011100101011 1111101100000100 1111110000000000
1111001110111110 1111101110110000 1111110000000000
0111000011011010 0111101001001101 0111101110000011
1110111000000011 1111101100001100 1111101111001100
1111000011010011 1111101001010100 1111101110001000
1110100010010000 0111101110111010 0111101101110001
0111001010011110 0111100000110010 0111100111011001
0111101101100001 0111010101010111 0111110000000000
1111010011101011 0111101000110110 0111011110000010
1111010110100100 1111011110101111 1111101010101001
1111100011111110 1111011111111001 1111110000000000
0111010010011110 0111010111101110 0111100101000110
0111100001111100 0111101110011001 0111110000000000
0111101100111111 1111100101000101 0111001111101000
1111101111000110 1110110100110001 1111110000000000
1111101010011011 0111011000100101 1111011100010010
1111101000111111 1111001010111101 1111101111101110
1111101011000000 1111010110111101 1111110000000000
0111100100000010 1111001010101000 0111011010110000
1111101001101101 1110111111101001 1111101101101010
1111011010001001 0111101111011100 0111100010011000
1111101010110101 0111101001010111 1110100111100000
0111000100100101 0111101101010001 0111110000000000
0111100011010001 1111101111010000 1111010111111110
0111000000100111 1111100101110101 1111100001101100
0111100110111001 1111000000101000 0111100010101111
0111101101000010 1111011001111101 0111100000000100
1111101101100011 0111001011011010 1111100110101101
1111000100100001 0111011110000011 0111010011110011
0111010010101010 0111010111101101 0111100101001011
1111000010011000 1111101101010100 1111110000000000
0111010011110110 1111010110000001 1110100001011000
0111100000001100 1111011100000110 0110110001001000
0111000110110110 1111100011010111 1111011011010100
0111010010110000 1111101100111101 1111100011100101
0110110101010011 1111011100010010 1111010110111110
0110110001010101 1111000010111000 1110110100011100
0111100000011011 0111101101100101 0111110000000000
1111101100001111 0111100110011100 1111000111001100
0111100110001010 0111010100001001 0111110000000000
0111100011000011 1111101110110111 1111010111101000
1111010011010101 0110110100001100 1111001100100100
0111101100100111 0111101101100000 0111110000000000
0110110101111111 0111101000111110 0111101011101101
0111101001110011 0111001100001100 0111110000000000
0111010110111000 0111101101000000 0111110000000000
0111100010001101 0111100000001000 0111110000000000
0111100111111010 0110110111001001 0111101010110011
1111101101001011 0111100101100110 1111001110010100
1111100000110011 0111001001010100 1111010100111100
1111100111001011 0111100110001011 1110100000000000
0111101000101111 0111101000001110 0111110000000000
0111100110101000 1111100111100010 1110011101000000
1111100001100000 1111101010110101 1111110000000000
0111101010100010 0111100101001111 0111110000000000
0110110101110000 1111101011010111 1111101000101001
1111101010010010 0111100000100100 1111010011011100
0111011011110010 0111101010010000 0111110000000000
1111000100100010 0110110100100110 1110110100011110
0111100100010001 1110110101011100 0111100001100110
1111101111101101 1111101100110001 1111110000000000
1111011101010011 1111001001000110 1111100100111011
1111011110011000 0111100010000001 0110110110101000
0111000111100101 0111100011011010 0111101001010011
1111010010101010 0111001101101000 1110101110110000
0111100100010101 0111100110000110 0111110000000000
0111010010010111 0111011010011110 0111100110011010
1111100110011010 0110101011111000 1111100100101011
0111101110111110 1111001011110011 0111101000000010
1110100111101010 1111101110010111 1111101111110101
0111010100101110 0111100011111111 0111101110010110
0111101010111110 0111001011000111 0111110000000000
1111001010000110 1111101011100100 1111110000000000
1111010111101001 1111101110000010 1111110000000000
1111100011010001 0111101011100001 0111010000100000
1111101101011001 0101100000111000 1111101101010101
1111101100011001 1111000011010111 1111110000000000
0111000101110101 0111011001010010 0111100010000110
0111101010000111 0111011000111101 0111110000000000
1111101110000011 0111011011001111 1111100000011100
1111100001001101 0111101100111100 0111010111011110
0111100101100011 1111001110011111 0111011011111000
1110110100111111 1111100001000110 1111100011101101
1111100011110100 0111010101111101 1111010001101100
0111101011010100 1111000010010010 0111100110110000
1111011110101000 0111101101001101 0111011011110010
0111010100000011 0111100101011011 0111101111011100
1111000101100101 1111100111010000 1111101100101001
0111100101110010 1110111110110000 0111100001111100
0110010111100011 1111100110100000 1111100101110001
1111101011000111 1111000011010010 1111101111111011
0111010110111110 1111100101011111 1111010100000000
1111100110100000 0111001101011110 1111011110010010
0111101111000110 0111101011001001 0111110000000000
0111101100000101 0111101011011101 0111110000000000
1111101101100101 0111100001111010 1111010111010110
0111001001111011 1111011000011010 1111000110111010
0111011110101110 0111100011101011 0111110000000000
1111011100000101 1111010010110010 1111100111011011
1111100001110100 0111000100111100 1111011001001010
1111010010101011 0111001010110000 1110110101001100
0111101110001100 1111100101100010 0111010001010100
0111101101111100 1111001001000100 0111100111101011
0111101001100001 1111101010110000 1110100011110000
1110110010100001 1111011001110010 1111011110011010
1111000101001101 0110110010100100 1110110111110110
1111100110101010 0111101101011101 0111001011001100
0110110111011110 0111100100100111 0111100111100010
1111101101001000 1111001000101110 1111110000000000
0111001111100011 0111100000101000 0111101000100000
0111010110101110 1111010111010010 1110000010000000
1110110000111010 0111001011001110 0111000010110001
1111010011001011 1111011101100010 1111101000010110
0111101001110110 0110100010111010 0111101011000001
0111101000101001 1111010000101010 0111100000010100
0111011100111100 1111010001100110 0111000110101100
1111100010011001 0111010011001010 1111010001101000
1111101011100010 0111010011010101 1111100001111000
1111100010111010 1110010101001010 1111100011100100
1111011001110111 0111001000010001 1111001011011110
1111100001000010 0111101100001101 0111010110010110
1111100000101001 0111100011111011 0110111010010000
1111101000111010 1111101011111110 1111110000000000
1111010100010101 1111010111011110 1111100101111001
1111101100100110 0111011000010000 1111100000011110
0111101000000111 1111010011011100 0111011100110010
0111101011011110 0110101110111001 0111101101011001
0111101000010111 0111011011000000 0111110000000000
1111101111111100 1111101010110110 1111110000000000
1111100100111001 1111101010100000 1111110000000000
0111101100000001 1111100110101101 0111000101010000
1111100000011110 0111101011100011 0111010110001010
1111101111111001 0111000010000011 1111101011011001
1111100110100011 0111001110100110 1111011101110100
1111011110011101 1111001101000101 1111100110011111
1111100101100101 0111001101011000 1111011100011110
1111001100111110 1111100111000110 1111101110010101
0111000111000010 1111000001100101 0110100101110100
0111001010100011 1110100011000001 0111000101110011
1111100011110111 0111100101110111 0110110000000000
0111100111001100 1111101010001001 1110110111101000
0111101111001111 0111101000101111 0111110000000000
0111101110010100 0111101000101100 0111110000000000
0111001001000110 1111010010011011 1110110111100000
0111101000001011 1110111110100001 0111100100010111
0111000101110000 1111100010110001 1111011010101010
1111100001100100 1111101001000001 1111110000000000
0111101011011101 0111100000101111 0111110000000000
0110110101001010 0111100101011000 0111101000000001
1111011010101111 0111001111111000 1111000101100110
1111100100000100 1111010000011110 1111101100010011
0111010011001001 0110000001100001 0111010011101100
0111010110111010 1111100101001011 1111010011011100
1111101011001011 0111100010010110 1111010001101010
0111010100011011 0111010000010100 0111100010010111
0111010000010000 1111010000110001 1110000000100000
1111101011000101 0111101001000110 1110101111110000
0111100000001101 0111100000110010 0111110000000000
0111101110010011 0111100110000010 0111110000000000
1111101001011011 0111101111111110 0111001010001100
1111100011110010 0111100001000000 1110110110010000
0111101101111101 0111010101010101 0111110000000000
1111000110101101 0111010001100001 0110111000101100
0111101110011011 0111100000000001 0111110000000000
0111011000101101 0111010101111010 0111100111010011
1111100011100011 0111100110001101 0110110101010000
0111001110110010 0111100101000010 0111101100101110
1111100000110001 1111010010011111 1111101010000000
1111101101100011 1111100001111000 1111110000000000
0111010110000001 0111010000001111 0111100011001000
1111100010011000 1111101110101111 1111110000000000
0111101101011001 1111000100001000 0111101000010111
1111000011010110 0111100010010001 0111011010111000
0111011110001101 1111001110010010 0111001110001000
1111000010000001 0111010110101010 0111001011010100
1111101011011000 0111000010001011 1111100110110110
1111100011011111 1111011110001000 1111110000000000
0111010100110010 0111101001101100 0111110000000000
0111011001111000 1111010010110111 0110111100000100
0111001111000011 0111101000010111 0111110000000000
1111001001001111 0111100011110001 0111011010111100
1111011001111001 1111001100011111 1111100100000100
0111101101111111 0111101111010010 0111110000000000
1111010100011010 1111101011010000 1111110000000000
1111101100111101 1111010110000110 1111110000000000
0111000111110000 1111001001101001 1110001110010000
1111000111100111 1111101000010011 1111101110001100
0111001001000111 0111010001011110 0111011110000001
1111010110001111 1111011001101101 1111100111111110
0111101000010101 1111101010010100 1110101111110000
1111000110011011 1111001001111110 1111011000001100
1111101100110100 0111101000111100 1110111111000000
1111100101000000 0111101100100111 0111001110011100
1111100010010111 1111101010001110 1111110000000000
0111011001110110 1111000110110011 0111001100111010
1111010010111011 1111010000111111 1111100001111101
1111100110011101 0111101011100000 0111000100001100
0111101110001101 1111011101110101 0111011110100110
0111011101000111 1111001101111001 0111001100010110
1111100100000011 1111011010100001 1111110000000000
1111010100111011 1111011110001010 1111101001100010
1111000010101011 1111101101001010 1111110000000000
0111011001000100 0111011001110000 0111101001011010
1111101100010001 0110010101010110 1111101011100111
0111100011110110 1111100010001001 0110101011010000
1111101010100100 0111100101100100 1111000100000000
0111010101100111 0110110111111111 0111011011100110
0111101001011001 1111001001011101 0111100011000010
0101010110111100 0111101101000001 0111101101000011
1111001001001101 0111000111101011 1110001000100000
1111100011000001 1111101110100010 1111110000000000
1111101111101000 0111101111101100 0101100000000000
1111100110111111 1111101001101100 1111110000000000
1111101111000111 0111100111100011 1111001110010000
0110111101010011 0111101011101000 0111101111010010
1111101000001000 1111101111011010 1111110000000000
0101101101010110 0111000100010001 0111000100101110
0111101101000001 0111010111100110 0111110000000000
1111000101111011 0100101001111111 1111000101111011
0111101011100011 1110110101100110 0111101000110111
1111101010000110 1111100000000001 1111110000000000
0111011111101010 0111011100100110 0111101110001000
1111100111100000 1111011011110010 1111110000000000
1111101001010010 0111101001110001 0110001111000000
0110111101110100 1111100111010001 1111100011100011
1111010111000100 0111101000101111 0111011010011010
1111101100000111 0110000101000011 1111101011110010
1111101111111010 0111100010110110 1111011010001000
1111101001110100 0111101001111101 0101110010000000
1111000110100101 0111001110111010 0110110000101010
0111000010001100 1110100110000101 0110111001010110
1111100111010110 1111011110110101 1111110000000000
1111101001001100 0110000110011110 1111101000110110
0111100101011001 0111100110010000 0111110000000000
0111101000000010 0111100110001011 0111110000000000
1111010000000011 1111100010111010 1111101010111011
1111001001010011 1111011001111111 1111100011010100
0111011110101011 0111100100100011 0111110000000000
1111011110010011 1111011000001111 1111101011010001
0111000100011111 0111100100001011 0111101001010010
0111001001011011 0111100001101001 0111100111111111
1110110001111111 0111000011101011 0110110101011000
1111011110011111 1111101001001101 1111110000000000
1111101110000100 0111100001000111 1111011001111010
0111010101100001 1111100000010001 1111000110000100
0110101100111100 1110101110100000 1101101001000000
1111101011010010 0111100000110000 1111010101000100
0110111011101100 0111100000001000 0111100011100101
1111000011100011 1111010111001101 1111100000011111
0111011000111001 1111001011111100 0111000101110110
1111100100000011 1111101101000110 1111110000000000
0111100111001001 1111101110111111 1111001111011000
0111100000011110 1111100110110110 1111001001100000
0111010110001111 0110101010110000 0111011001100101
1111101100001111 0111011100111101 1111011011100010
1111100001100000 0111101100001111 0111010101011110
1111011110101010 1111100110000011 1111110000000000
0110110000000000 1111101011000111 1111101001000111
1111101000001101 1111000011010010 1111101101000001
0111000000000101 1110101011110001 0110110010010010
1111100001100010 1111100100000110 1111110000000000
0111011101100111 0111100000101001 0111101111011100
1111100101001000 0111011100110000 1111001011000000
0111010100111110 0111100000010111 0111101010110110
1111100110001111 1111101011010000 1111110000000000
0111100010000100 1111101100110011 1111010101011110
1110110101111100 1111000000010010 1111001011010000
1111010110000100 1111100101010100 1111110000000000
0111100011111000 1111100011000101 0110011001100000
1111101010101110 1111010110100011 1111110000000000
1111010111100000 0111101100011101 0111100000101101
1111101010010001 1111001111101001 1111110000000000
1111001000000001 1111010111000111 1111100001100011
1111100111101110 0111010000111101 1111011110100000
0111001110110010 0111011000000101 0111100011101111
0111001000011111 1111101100000111 1111100110000000
0111011111000101 1110100111001101 0111011100001100
0111101100000011 0110000101111110 0111101100011000
0111000011110100 1111011000000011 1111001100010010
1111100100001110 0111010001000101 1111010111011000
1110101101010010 1111100011000001 1111100100110110
0110111101010110 0111011010010111 0111100000110110
0111010000110100 1111010010010000 1110010111000000
0111100100000011 1111100101110000 1110101011010000
0110111010011110 0111101001111000 0111101101001011
0111101011001100 0110001101111011 0111101011101001
1111101100100101 0111001111110100 1111100100101000
1111101000101100 1111100111000111 1111110000000000
1110110011010110 0111010010111100 0111001100001110
1111011100111010 1111100110101011 1111110000000000
0111011010111010 0111101001110100 0111110000000000
0111100100111110 0111100001111100 0111110000000000
0110110100001010 0111100011011110 0111100101111111
0111100100001001 1111001111010100 0111011000101000
0111001100001010 0111100000011101 0111100111011111
1111100000100100 0110110001101000 1111011100101110
1111001011011101 0111010011000110 0110110101100000
0111000011001101 1110011101011111 0110111111000100
0111101111101101 0111011110100110 0111110000000000
1111101010001110 1111101010010100 1111110000000000
0110111010110010 0111101010101010 0111101110000000
1111101001011010 1111101001011110 1111110000000000
1111101011011100 0111100101011001 1111001000001100
0110111110101010 1111000110010011 1110101011111000
0111010111010100 1111101001001011 1111011011000010
0111000000001100 0111010001111010 0111011010000000
1111100011001010 1110101111000001 1111100101000110
0110010011001111 0111100100001001 0111100100101111
0111011101101101 1111100000111011 1110110000101000
1111100011001100 1111100111101101 1111110000000000
0111100000101010 1111100000000111 0110010001100000
0111101001000010 1110101001111000 0111100111011011
0111100010101011 1111101000010000 1111000110010100
0111101110001101 1111100101001100 0111010010000010
0111100111110011 0111100011110011 0111110000000000
0111011101001011 1111010000110111 0111001000101000
0111101000111100 0110111111000100 0111101100110100
1111100000000011 1111001110110000 1111100111101111
0111101000100110 1111101010001001 1110101000110000
0111010000110010 1111011101100010 1111001001100000
1111101011110101 0111011100100011 1111011011001000
1111101100101001 1111100110100100 1111110000000000
1111101100000001 0110110010010001 1111101001101111
0111101110110110 0111101101000111 0111110000000000
0111100110110011 0111011110001111 0111110000000000
1110111001100111 0111001101110010 0111000000111111
0111101001101110 1111011000100111 0111011010110110
1111010111011010 1111101000011111 1111110000000000
1111011110011001 0110110000110110 1111011010001100
1111100110001111 1110010101010101 1111100110111001
0111100010100011 1111100000111101 0110101001100000
0111001100101101 1111011001101110 1111000110110000
0111100001000000 1111010010001100 0111001111101000
1111100011000001 0111010101100111 1111010000011100
0110110110010011 0110111101011011 0111001001110111
1111010111101111 1111010100010110 1111100110000010
1110100011001011 0111100011100110 0111100010011010
1111000011001111 0111101001001111 0111100100011100
0111010111010101 0111011101100110 0111101010011101
1111001000101111 0111001110101110 0110100111111100
0111100000100111 0111010100111111 0111101011000110
0110100010000110 1111101111100010 1111101110011010
0111101100101100 0111100111000011 0111110000000000
0111010101110001 0111001111011010 0111100010101111
0111001101110110 1111100000111010 1111010010111010
1111011001001001 1111100001010101 1111101101111001
1111100100011001 0110100101110010 1111100011000010
1111000001100011 0111011011001111 0111010010011110
1111011000110110 1111010111101000 1111101000001111
1110111001010101 1111010101001010 1111011011011111
0110111101101001 0111010010011010 0111011001110100
1110101010101000 1110111000001110 1111000010110001
0111010011101101 1111101001110111 1111100000000001
0111010011010011 0111101000110010 0111110000000000
0110111010001011 1110000101111000 0110110111011100
0111100011011001 1111010101100010 0111010001010000
0111101111011000 1111100110100011 0111010001101010
1111001000000111 1111001100001111 1111011010001011
0110111101111000 0111011011000101 0111100001010001
0111000001101000 0111101011001100 0111101111100110
0111100101011110 0110110001011101 0111100111101001
0111100100011011 0111000000000110 0111101000011100
0110110001011011 1111101110101011 1111101100100000
1111100010110101 0111101000000100 0111000100111100
0111101110011011 1111100101101001 0111010001100100
1111000000011011 1111011101000100 1111100010101000
1111101111100011 0111001111110010 1111100111100111
0111100001001011 0111101110011111 0111110000000000
1111101100010100 0111101100011011 0101101100000000
0111001010010100 1111101111111100 1111101001010111
1110101000100011 0111100110101010 0111100101001000
1110111010101100 1111101101010100 1111110000000000
0110110100000101 0111100111111110 0111101010011110
0111101001111011 0110110101001110 0111101100100100
0111000011000010 0111100010100001 0111100111010001
1111010001001100 0111010100000000 0110100110100000
0111100101101101 1111100111000000 1110100100110000
0111101000011010 0111001010000110 0111101110111011
0111010111000010 1111010111110010 1110001000000000
0111100110011111 1111100010101101 0110111110010000
0111101111001110 1111100000110100 0111011100110100
0111100000001111 1111010101101011 0111000101101000
1111101101111101 0111011100010011 1111011111101000
1111010010001101 0111100000001001 0111001100001100
1111011110011000 1111010100000101 1111101001001110
1111101001110100 1110100111011001 1111101011010001
1111101001011110 1111100101001101 1111110000000000
1111001101011101 1111010010101000 1111100000101011
1111010001001111 0111000111000101 1110110110110100
1111011001011111 1111000011101110 1111100001101011
0110110011011100 1111101101101010 1111101011001111
1111000111000110 1111010101010111 1111100000011101
0110111110001010 1111100011000101 1111011110101000
1111101100100100 1110111000011010 1111101111100111
1111010100001111 1111011001111010 1111100111000100
0111100011010000 0111101100010011 0111110000000000
1111101111101001 1111010001100000 1111110000000000
1111101101000101 0111001010100100 1111100110011100
0111100010001010 1111101001001010 1111001100000000
1111000010010011 0111101110100111 0111101010000011
1111101111001000 0111101011001111 1110111111001000
1111001001100110 1111010101101101 1111100001010000
1111101101110110 0111100100101101 1111010010010010
1111010001111111 1111100111011100 1111110000000000
0111000010111010 1111100010110111 1111011100010010
1111100110110000 0111001000011100 1111100000101001
1111101110101100 0111101011001001 1110111100011000
0111001011110010 0110010010101010 0111001110000111
1111010111000100 0111011101001110 0110111000101000
1111010011111001 0111000001100000 1111000110010010
0111101111101010 0111100111100100 0111110000000000
0111010011010000 1111101000101011 1111011110000110
0111100110110110 1111001100110101 0111011111010010
1110100111111001 0111000001100010 0110110111001000
0110111100100111 1111100111011111 1111100011111011
0111011100000111 1111101111110001 1111100001101110
1111101111111111 0111101011100011 1111000001110000
0111101110111001 1111000100011010 0111101001110011
0111010010010001 1111001010111011 0110110011010000
0110111011101111 1111011100101111 1111010101110100
0110010011010010 1111100110111011 1111100110010101
0111101010001000 1111100110110110 0110111010010000
1111010110000000 0110101100111011 1111010010011001
0111011001100101 1111010110100111 0110100111110000
1111101000010000 0111101111001001 0111001011100100
0111011001011110 1111010111101010 0110011101000000
0111101001100101 0111100010010111 0111110000000000
0111010011101000 0111101100111001 0111110000000000
0111101100001100 0111100011001111 0111110000000000
0111011100101111 0111100011110100 0111110000000000
1111010110010001 0111000011111111 1111001000100100
1111100101100101 1111100000011100 1111110000000000
0111101101110011 1111100010011111 0111010110101000
1111010110100000 1111101111010101 1111110000000000
1111011000110010 0111100111100111 0111010110011100
0111101000111011 1111010000111100 0111100000011101
0111011110100100 0111010101011110 0111101010000001
1111100100001001 1111100110110000 1111110000000000
0111010111100001 1111001100110111 0111000010001100
0111001110010111 0111011011000101 0111100101001000
1111101111110000 0111100000101001 1111011110001110
1111010000011000 0111100000000010 0111001111011000
1111100110101010 1111100001010010 1111110000000000
0110110010111000 1111101111111100 1111101101100101
1111100111001000 0111100101000101 1110110000011000
1111101110001010 0111101000001000 1111001000001000
0111010110111100 0111101101110010 0111110000000000
1111101001000100 1111011001010010 1111110000000000
0111010111110010 1111001111110011 0110111111100100
1111010001001111 1111101000000001 1111110000000000
1111100001000001 1111101110110011 1111110000000000
0111001010110111 1111100011001100 1111011000111110
1111100100100001 0111010010110101 1111010110001110
1111101010010110 1111100000001100 1111110000000000
0111100011101001 1101111000111100 0111100011011101
0111100100000101 1111010000001100 0111010111111110
1111011111010000 0111001001001111 1111010010101001
1111000101000101 0111100011000011 0111011011100100
1111011110101111 1111000111011000 1111100101001101
0111010101101100 0111101100001101 0111110000000000
1111011001110101 1110110110110110 1111011111100010
1111001011100110 0111100101011010 0111011101000010
0111101101100100 0110100110100010 0111101110111110
1111101000101000 0111101010001011 0110101000110000
1111100100010110 0111101001101011 0111000101010100
0111100000010111 0111010011000101 0111101001111001
0111100000001100 0111000010001101 0111100100101111
0111010111011011 0111101000100111 0111110000000000
0111101110100100 1111101100010101 0110110001111000
0111010110100010 0111011110100001 0111101010100001
0111010010011001 1111101000110101 1111011111010010
0111100101000101 0111100000100001 0111110000000000
1111100001000010 1111101100110100 1111110000000000
0101000111100111 0111000010100110 0111000010101011
1111010011110101 1110100111000000 1111010110101101
0111100111111010 0111100110111011 0111110000000000
1111100100101001 1111101011001011 1111110000000000
0111001110110101 1111100110000011 1111011100101100
1111101101111000 1111100010110100 1111110000000000
1111101100011011 1111100110010000 1111110000000000
1111100001110110 1111101000101010 1111110000000000
0111101010100110 1111100010011000 0111010000011100
1111101110110000 0111101111110110 0110100001100000
1111011011110100 1111011110010011 1111101101000011
1111000001110111 0110111110111001 1110010011011000
0111100100001101 0111011110001111 0111110000000000
0111010110101110 1111100010101110 1111001101011100
0111100111000110 1111011111011000 0111001101101000
0111101000001011 0111100011001101 0111110000000000
1111000001101101 1111010101000010 1111011101111000
1110001010010110 0111100001111110 0111100001100100
1111010110100111 1110110010000010 1111011011000111
1111010111101101 1111101101111110 1111110000000000
1111010100100010 1111100111000110 1111110000000000
0111011010111010 1111101010010101 1111011001110000
0111010001010101 1111100111111010 1111011110100000
1111100001100010 0111100101101001 0111000000011100
1111100001101010 1110111110101111 1111100101011111
1111001110010010 0111101011011101 0111100011111001
0111100100110101 0110010110100101 0111100101100010
1111101101000110 1111101001010000 1111110000000000
0111100001110111 1110101001111010 0111100000010000
0111100001100100 1110101011010000 0111011111101110
0111101101110100 0111100100000001 0111110000000000
0111100001010110 1111010001101010 0111010001000010
0111001110001100 0111101111110011 0111110000000000
0111100101000010 1111011101011100 0111001001010000
1110001000101000 0111010000100111 0111001111101100
0111000111101100 1111100001001111 1111010110101000
1111100010101100 1111101100110101 1111110000000000
1111011100010001 0111100000000101 0110101111010000
1111100111011101 1111001101100100 1111101110110110
1111101111100101 0111010010010001 1111100110011101
1111010111000110 0111101000010011 0111011001100000
0111100000011010 1111011101010111 0110101011110000
0111000111011000 1111011000000100 1111001000110000
1111100111000010 1111011011011010 1111110000000000
0111011101011111 1111101011101010 1111011001110110
1110111010000110 0111011000011100 0111010001111011
0111100100101110 1111101010110011 1111001000010100
1111010111111101 0110111101011111 1111010000100110
0111101111011011 0111001110101010 0111110000000000
0111101100100100 1110001110111110 0111101100000110
0111000000000101 0111010110001101 0111011110001111
0111100100000110 0110010010011000 0111100100101010
1111101111110111 0111010111000001 1111100100010111
0111011100100100 0110110111100111 0111100001001110
0110110000111010 0110100110010110 0110111100000101
0111100001100000 1111100101101101 1111000000110100
0111100111000000 0111101110010110 0111110000000000
1111101011001011 0110100011110011 1111101001111100
0111100001010101 1111101101010010 1111010111111010
0111010010101001 1111100010001000 1111010001101000
1111011010010110 1110110111011110 1111100000000110
0111100111111111 0111100011011010 0111110000000000
1111101101001110 1111101010000011 1111110000000000
1101000001000000 0111001110110000 0111001110101100
0111101101110110 1111010101100001 0111100011000110
0111101011101101 1110011000111011 0111101010111100
0111011010100111 0110110010011000 0111011111001101
0111101010001010 0111101010100010 0111110000000000
1111100101010101 0111011101000010 1111001011010000
0111010110100110 1111101100000010 1111100000101111
1111101101100100 0111010000111011 1111100101000111
1111100010110001 0111000101001110 1111011010111100
0110111100101111 1110101101111101 0110101011100010
0111101000100010 0111100100011001 0111110000000000
1111010001001111 0111100101000111 0111011001000000
0111101100000111 0111011110000001 0111110000000000
0110110001001110 1111010101011011 1111010001001000
1111000101100110 1111101111110111 1111110000000000
1111101111100100 0111100111100000 1111010000001000
1111100111010010 1111101100110011 1111110000000000
1111101000101000 0111011111011000 1111010001111000
1111100001001100 0111101011000001 0111010011101010
1111100001010100 0111100101110101 0111000010000100
0111100000000011 1111101100000100 1111011000000010
0111100010101000 0111100100011000 0111110000000000
0111001011101111 0111011101101101 0111100101110010
0110111100010011 0111000010110110 0111010000011111
0111100101100110 0111000000001001 0111101001101000
1111101101110000 0111100001101100 1111011000001000
0111011110011011 1111011100101000 0110011100110000
1111011001000001 1111011110101000 1111101011110100
1111101101010111 0111100110001011 1111001100110000
0111100100110000 1111100111011111 1110110101111000
1111011100001001 1111001001111001 1111100100100010
0111000110000101 0111100101101111 0111101011010000
0111101111001010 0111010100110010 0111110000000000
0111100111100011 0111101101011000 0111110000000000
1111100010010000 0111010101111001 1111001101010000
1111001001000100 0111011011000010 0111001101000000
0111100101000100 0110011110011111 0111100110000000
1111100001010111 1111011001010101 1111101110000001
0111001010101111 0111001100000101 0111011011011010
1111101010110111 1111101001101110 1111110000000000
1111101110100101 1110010110010010 1111101111010001
1111011101000110 0111000001100000 1111010100010110
0111101010011001 1111101000011001 0110110000000000
1111000011000010 1111101101111110 1111110000000000
0111100111111111 0111101100000110 0111110000000000
1111101010010101 1110100010101011 1111101011011111
0111000110101111 0110100010001011 0111001011010001
1111000110001100 0111100100011101 0111011101110100
0110100001101010 0111101000010011 0111101001011001
0110011110010001 0110111100000100 0111000001110100
0111011001101000 0110100000111101 0111011011101111
0111000100111101 0110110001001010 0111001101100010
1111100110101011 1111101101001001 1111110000000000
1111011101011101 1111100011000111 1111110000000000
0110110100000001 0111001010100101 0111010010010010
1111001010100010 0110111011110011 1110111001010010
0110011001010011 0111000110101111 0111001001111001
1111010101011001 1111101000111111 1111110000000000
1111100100111100 1111010001100010 1111101101101101
1111100110000101 0111000001001110 1111100001110010
1111100011110001 0110011110111010 1111100010110100
0111000011100110 1111101011000100 1111100110001011
1111100101001100 0111101111101010 0111010100111100
1110111110100000 0111010010000110 0111000100111100
0111001111110011 1111100101111001 1111011011111010
1111001001110100 1111101000111100 1111101111011001
1111011000111001 0111101010001001 0111011011011010
1111100011101001 1111011101001110 1111110000000000
1111000011000000 1111100011001000 1111100111111000
0111100011001111 0111000001011001 0111100111100101
0111101110010101 1111100000100100 0111011011100010
0111101101100111 1111100000111010 0111011001011010
1111100110110001 1111101111000010 1111110000000000
1111101011111001 0110110010110110 1111101001100011
0111011101011011 0111100101111000 0111110000000000
1111101101101010 0110000100001110 1111101101010110
1111101101101100 1111010111000110 1111110000000000
0111101001111000 0111100100101100 0111110000000000
0111010011101001 0111000001000111 0111011100001100
1111001011110111 1111100111011011 1111101110011000
1111000010111110 0111000000110100 1110010001010000
1110001000001101 1111010001101111 1111010010011111
0111011101011100 1111101100101001 1111011011110110
0111101110010001 1111101000000100 0111001000110100
1111101000101111 0111000011110001 1111100011110011
1111100010101100 0111101010000100 0111001101100000
1111101001011111 0111010011100100 1111011111011010
0111000010001111 1111101011010010 1111100110101111
0110110111101110 0110110100111101 0111000110010101
1111100100001110 0111101000101101 0111000001111100
1111100000110011 1111100001101001 1111110000000000
1111101010001011 0111100111011110 1110110101101000
1111101111100001 0111101010010110 1111000100101100
1111100011100001 0110110000110001 1111100001011011
1111011011111010 1111010100110001 1111101000010101
0111100100011101 1111101100111101 1111010001000000
1111010001010100 0111001110111000 1110011110000000
0111010101001100 1111100111100100 1111011001111100
1111101100010011 0111100011111001 1111010000110100
0111011100100011 1111101001011101 1111010110011000
0111000000110100 0111100111010010 0111101011011111
1111101011001001 0111010111011110 1111011110110100
1111011001110111 0111100011110001 0111001011011000
0111101010000110 0111001010101011 0111110000000000
0111101111000010 0111010011010010 0111110000000000
1111011101111100 0111101010101101 0111010111011110
0111001000110111 0111100001111101 0111101000001010
1111100111101101 1111011011010000 1111110000000000
0111010100111100 1111100001011011 1111001011110100
1111100100100010 1111100101011001 1111110000000000
1111010011101110 0111010000010000 1110101011110000
0111101010011010 0111100000001011 0111110000000000
0111100000001000 1111101110111011 1111011101100110
0111011001111110 0111100001100110 0111101110100101
1111011110001111 1111011001011101 1111101011110110
0111100000001010 0111100011001100 0111110000000000
0111100000000100 1110101001111000 0111011100111010
0111011001010001 0111100011101111 0111110000000000
1110101111001000 1111100011010101 1111100101010001
0110010001111110 0111000110110111 0111001001000110
0111100000001000 1111000101110011 0111010101011000
1111101000010110 0111101011100010 0110111001100000
1111100000000011 1111101010011011 1111110000000000
1111010101011101 1111000011011000 1111011111001001
0110111100100011 1111011011001001 1111010100000001
0111100000000110 0111100001000000 0111110000000000
0111100111100000 1111010011110001 0111011011010000
0111100011110010 0111010111101010 0111101111100111
1111101111110010 0111011101101001 1111100000111110
0111101100011110 1111100100000101 0111010000110010
1111100010100001 0111011100100101 1111000000111100
0111010111110000 0111100010010110 0111101110001110
1111010000001110 1110110100001011 1111010101010000
0111101011111001 1111100111111000 0111000000000100
0111101001110111 0111101011001101 0111110000000000
1111101010111101 0111011100000010 1111011001111000
0111100101100000 0110101100110010 0111100111010011
1111011010011000 0111100010010110 0111000100101000
1110111101110010 0111101010010111 0111100110101001
0111010010001010 0111001001011101 0111011110111000
0110110010001000 0111001010001001 0111010001100110
0111010110101010 0111101100100110 0111110000000000
0111101010000011 1111000111011010 0111100100001101
1111010101011000 0111100011111100 0111010010100000
0111010101000101 0111100011011011 0111101101111101
1111101011100010 1111010000111101 1111110000000000
0110101101000011 0111100100110001 0111100110100101
0111010101111001 0111100000010010 0111101011001110
1111100010011001 0111100110010011 0110111111010000
0111011100111100 0110111110111101 0111100010010101
0111011010001001 0111011101000111 0111101011101000
0111011110111010 0111101011001001 0111110000000000
0111010000110001 0110100100010010 0111010011010011
0111001010010011 0110110011011000 0111010001111111
0111100000010101 1111100110010011 1111000111111000
0111101111101001 0110111001110001 0111110000000000
0111011111001111 0111101100101101 0111110000000000
1111001110101110 0110011100111111 1111001011000111
1111100110001111 0111100010111111 1110111010000000
1111101101110110 0111100000111101 1111011001110010
1111101010001100 0110011000111010 1111101001011011
1111101101101001 0111101100110001 1110011100000000
1111000010100100 0111100101101011 0111100001000010
1111100101101100 0111100010001000 1110111100100000
1111010001101110 1111010001111101 1111100001110101
0111101010111011 1111101011001000 1101111010000000
1111000111110100 1111010101110110 1111100000111000
0111010100111011 1111100110001100 1111010111011110
1111000000111000 0110011001110001 1110111011010100
0111101011001111 0111011011111111 0111110000000000
1111100101111011 1111100101011001 1111110000000000
1110110100000001 0111010001011101 0111001000111010
0111001101011010 0111011001011011 0111100100000100
0111100101010010 0111100100111001 0111110000000000
0111100110001000 0111101011000001 0111110000000000
1111100101111001 0111101110101001 0111010001100000
0111100000001111 1111011001100010 0110111011110000
0111101011111011 0111101111011111 0111110000000000
0111010011101001 0111100111101000 0111110000000000
1111101010101110 1111101110110001 1111110000000000
1110110011001001 1111101111000111 1111110000000000
1110110011100110 1110111011100111 1111000111100110
0111001101100101 0111100011100111 0111101011000000
0111100111110110 1111001111100101 0111011111111010
0111011101010111 1111011011011111 0110011110000000
1111011111111010 0110111110110011 1111011000001110
0111101110011011 1111011100001101 0111100000010101
1111101101111101 0111101100011110 1110100111110000
0111100101000011 1111100000110001 0111000001001000
0111000010101100 1111001000011100 1110100111000000
0111011011100000 0111011001110010 0111101010101001
0111100011111100 1111101110111101 1111010110000010
0111101111100100 1111100100110111 0111010101011010
1111101010111100 1111101100000100 1111110000000000
1111011000101000 0111101011111000 0111011111001000
0111011111001110 0110110111001010 0111100010100000
0111101100110000 1111100000010011 0111011000111010
1111100101101001 0111000011100000 1111100000110001
0111100111001011 0111100011100100 0111110000000000
0111101111100101 0111101010001100 0111110000000000
0111100000100100 0111101111011010 0111110000000000
0111100100110100 1111100001011000 0110111011100000
