0111001110110010 0111000011000010 0000000000000000
1111100101000100 0111100010101011 0000000000000000
0111010001000101 1110110100011101 0000000000000000
0111010001101010 1111100111010100 0000000000000000
0111101000001011 1111011011101111 0000000000000000
0111010011111101 0111011001010000 0111011000111010
1110010000001011 1111011011101011 1110110011001000
0111101110010001 0111101101001011 0111000111111100
0111101011100111 0111101101110001 1111011100111110
0111010011000110 1111011101100100 0111010100101000
0111011001111111 0111101010100000 0111100110100110
1111010110111001 0111100110110110 1111011100101011
0111101011000011 1110010101000010 0111110000000000
0111011110010111 0110110110100000 0111110000000000
1111011110100001 0111011101111001 1111000100111100
1111010001010000 1111101000010110 0111110000000000
0111010111100000 1111101111100011 0111010110110100
0111101111010010 0111010010100111 0111101010011001
1110110100110001 0111010000010011 0111100001111111
1111000000111000 1111101110101111 1110000100000000
0110011000110100 0111101101000011 1111110000000000
0111010110010010 0111101111101011 1111100011110011
1111100101111000 1111101011011001 0111110000000000
0111011111010001 1111010001100000 0111000110001110
0111011111010101 0111101100011111 1111110000000000
0111101001011110 0111101010101110 0111101101110100
0111001011001111 0111100011010101 0111110000000000
1111101000001111 1111100110001100 1111110000000000
0111011101110011 0111100100100100 0111001011100010
0111101001111111 1111100101001101 0111110000000000
1111101011110011 1110100011001110 0111110000000000
0111010011110111 1111011111101001 0111101010001000
1111101100101010 0111010001001100 1111110000000000
0111100001101110 0111010000111100 0111110000000000
0110101101011111 0111100010010010 0111000011001000
0110010111010110 0111100111111010 1111101100111111
0111101100011010 1111010000111001 1111000111100100
0111011101100010 1111100110011111 1111100100000100
1111101000100011 1111100000001001 0111101010001100
0111011000110101 0111100011100000 0111100100000111
1111101011101001 1111100100100111 0111101000101000
1111100101101010 1111100001111110 0111100011111110
1111000100111100 0111010101101111 1111001110111000
0110101011010010 1111100100000110 1111110000000000
0111000100010110 0111100001111101 0111101111111010
0111000100001000 1111101100001111 1111110000000000
0111011110111100 0111100011101011 1111110000000000
0110011010000011 1111101101101010 0111000110100010
0111101001100010 1111011000100010 1111100010011001
1111101101010010 1111101000000010 0111100111000010
0111011001111001 1111101100111011 1111100111001101
0111011000101010 1111011011100110 0111110000000000
0111101000011001 0111011100010001 1111101100110110
0111100111011000 0110111100110110 0111011010100010
0111010100011101 1111011010100001 1111110000000000
1111001011110111 1110001000011101 1111011111111110
1111010001011011 1111011010110010 1110100111100000
0111001100110100 1111101101100010 0111110000000000
1111101010111011 0111100010110101 0111101010111110
0111101100000101 0111101000110111 1110111000010000
1111010000100110 1111100000001000 1111001101011000
0111100000110010 1111101101110100 1111100110000110
0111101000010100 1111010111111101 1111100110010101
0110111110010100 0110111100100111 1111010000001100
1111010011100110 1110110001011111 0111110000000000
1111101110110010 0111100001100110 1111101000011011
0111001001010011 0111001011010101 1111011010000100
0100110110001011 1111100001101000 0111011000101100
0111100011100110 1111010100111101 0111001101011101
0111100101100011 0111101011110000 1111010111111101
1111010001111011 1111101010100110 1111011010011000
1111101101110101 1111100000101111 0111011010010100
1111100000110001 0111011010100011 1111100001101000
0111101010111001 0111100001110011 0111010010010000
0110110011101001 0111100111001010 0111110000000000
0110110000001101 0111101100001101 1111110000000000
1111100000010011 1111101001111110 1111110000000000
1111101100110010 1111000000111101 1110111100000000
0111001100001001 1111001001110010 0111110000000000
1110101100010101 1111101011010111 0111101001100111
0111101100101101 1111101110101100 0111101110001110
1111011000101111 1111010011000111 1111110000000000
0111101100001001 0111100100100011 1111110000000000
0110011101000011 1111011011000101 0110010010111000
1111011110101010 0111101011010111 1111101101001000
0111101001110011 1111010010100000 1110101111110000
1111100110000111 0111101000010001 1111100101111011
0110001100101001 1111101010100000 0111110000000000
1110110011100010 0111011010000001 1111011001010001
1110111001011101 1111100100100000 0111011000000100
1111100010101100 1111011011111101 0111100000100011
0111100111000001 0111011010011000 0110110001010000
1110100011101011 0111101110011001 1111101010000100
1111101100100111 1111100000011011 0111010101001001
0111011111110101 0111011100000110 1111100111101011
1111011111100001 1111101000010100 1111110000000000
1111011100110010 1111100001000110 0111110000000000
1111001011111001 1111101001000011 0111101101001011
1111010110100111 0111101001001011 1111110000000000
0111100011011111 0111000000101100 0111101101111101
0110101101110110 0111011010111000 1111110000000000
1111101011110111 0111100000111110 1111101111011111
1111010111011101 1111100011110100 1111110000000000
1111100011010110 1111010010110101 0111011011110000
1111101010011110 0111100011101111 0111100111101010
1111010010111011 0111100100101000 0111011110100110
0111000010111011 0111010100111100 1111010101110010
1111010100101010 0111001101101000 1111101111100010
0111101010011000 1111100000100010 1111101100110000
0111100011001110 0111100010111110 1111001010111100
0111100100011100 0111010010101010 0111010110010110
1111101000100100 1111100011111100 0111011110011001
0111100111001100 0111001110110100 1110110111011000
0111101011010011 0111100010001111 0111010011101100
0111100101010111 0111100101010001 0111110000000000
0111100110000111 1111101111000110 0111101101110001
1110110001101001 1111100000110011 1111110000000000
0110010001110101 1111010011111111 0111101110111001
0111101000100011 1111000000101100 0111110000000000
1110000001100111 1111100010111011 0111110000000000
0110101001110001 0111101000110111 1111010001111110
0110011111111111 1111011001111000 1111100011000000
1111101110100001 1111101010011010 1111010010111000
0111011001111110 0111010000110011 0111100100011000
1111100001011011 1111101111011101 1111100011001100
0111100001010100 0111000111110011 0111101010011110
1111100100101111 1111000001110001 1111010111111001
0111010010000000 1111010110010101 1111110000000000
0110110010101010 0111101001000111 0111100101011000
1111101010010001 1111100010101011 1111110000000000
1111101001100111 1111101110111011 0111100111010000
1110111000001011 1111100101010001 1111101001001011
1111101001001000 1111101110010000 1110110001010100
0111010111110001 1111100101110001 0111101011011100
1111010111010001 0110101101101110 1111110000000000
0110111000010110 0111000111111111 1111110000000000
1111101011000100 0111010010010001 1111101000010010
1111100000111101 1111010000001111 1111110000000000
0111101000001010 0111100111001101 1111010011110010
0111100100011111 0111101101101100 1111010011100100
0111101010101011 0110110100000101 0111010010000101
0111100000110001 0111101110010000 1111100001111100
1111010110100110 1111100110100100 1111101001000100
1111100111110100 1110111100010010 0111110000000000
1111000010111010 1111011010001010 0111110000000000
1110010011001111 1110110001111101 0111101101001011
0111100111000100 0111011001001100 0111110000000000
0111101101100101 1111001111100000 1111110000000000
0111000000010111 1111000011111111 1111101011010110
0111100011110000 1111100001111001 1111100001110011
0111011100100010 0111100000001110 1110110110110000
1111001011001011 0111100010001101 0111110000000000
1101111111010111 0111010100000000 0111100101101101
1111100001101011 1111100011001011 1110011101000000
0111000010111111 0111101011101100 0110101101110000
1111001100110001 0110110001111100 0111101110011111
0111100001001001 0111101101111001 0111010110110110
0111100100111100 1111011110010110 0111010011100001
1111011110101000 0111000001111101 1111110000000000
1111100011110001 0111010000111000 0111110000000000
1111101010010010 1111101110000001 1111000011110011
0111000001110000 0111000001000000 0111110000000000
1111001101111100 1111101111011011 0111000111000100
0111100000111101 0111101011000111 1111010101101010
1111001011001110 0111010110010101 1111010110101010
1110110001011000 0111100111101010 1111110000000000
1111001100100010 1111101111111001 0111010001011000
0111100111101010 1111000100011101 1111110000000000
0111101100111011 1111100100101001 0111110000000000
0111001110111010 1111100001010110 0111000001011100
1111100100110100 1111100010100110 0111100101011111
1110001100101010 0110111001000100 1111110000000000
1111101110111001 0111101000011110 0111100010100011
0110101001010101 0111010001101011 0111010000100100
1111010101101100 0111100001010010 1111010011010000
0111101111111001 0111100110100101 1111110000000000
0111001111100100 1111000010110111 0110110101011111
1111010110011011 0111100010000001 1111001001101100
1101110011110010 0111100001101000 0111010100110101
1111100101100110 1111101111110010 0111001001110000
1111010110111101 1110100011100011 0111110000000000
0111011010111010 0111010011010100 0110111001011010
0111101011111001 0111001000001111 0111001011010000
1111100110111000 0111010001110001 0111100001011111
1111010100001101 0111010101011000 1111110000000000
1110111111010011 0111011111010001 1111011001011001
1111101100010001 0111011110010110 0111100111000111
0111101010001001 1111101110111100 0111110000000000
0111100101000111 0111010110111000 1111011100000000
1111101000010000 0111000001100011 0110010010110000
1111100001101010 0111101100100000 0111010111011101
1111101011100011 1111100001011010 1111011010001100
1111101101000100 1111101000011110 1111000011001100
0111101101011110 0110100000111101 0111110000000000
1111101110110011 1111010011111111 1111100011111000
1111100111010000 1111010110101000 0111010101101100
1111000011010011 0111101111111101 1111110000000000
0111011011100001 1111100001011111 1111110000000000
1111101010010101 0110100011011011 0111101110100001
0111101101001001 0111101001000110 1111110000000000
0111100110000010 0111101101111101 1111110000000000
0111101000100001 1111101011010011 0111101011001001
1111100011011010 1111011111110000 1110111101111000
0111101100101011 1111011101110111 1111101001001000
1111101101111010 1111010011001001 0111110000000000
1111011000001101 0111011000010011 0111110000000000
1111100001011001 1111010111011001 1110110110010000
0111011101101010 0111101101011101 1111110000000000
1111010100100100 0110100011011101 0111011011100000
1111101011011101 1111101111111010 1111110000000000
0111000010101000 1111100001100110 0101011000000000
0111100100011011 0111100011000010 1111101101000101
0110111001100000 1111100011000000 0111110000000000
1111100011110010 0110101000001111 1111010010001001
1110100010001010 1111100000101100 1111110000000000
1111101011101010 0111100001001110 1111011001111000
1111001001001100 1111100101011101 0111110000000000
1111101111011000 0111000110111100 1111011111101000
0111101001000110 0111100010110111 1111100010010010
0111000100110011 1111010010111000 1111100001110100
1111100010110011 0111101101010111 1111010100111000
0111010010010011 1111101110010011 1111101011110000
1111000011010111 0110101000010010 1111101001101001
0110011000110001 0111101011010100 0111110000000000
1111100010010001 0111010000011010 1111000000111110
1110110111000100 0111100101000110 0111010101001000
1110111101011000 1111000011111110 1111100101001010
1111010110011110 1111101111101101 1110111010100110
0111100111000001 1111100100100000 0111101100000101
0111100110111001 0111010001101111 1111010100001000
1111100001010010 1111100010011000 0111100010001110
1111000100010101 0111000100000001 1111010001010101
1111100100010010 0111000010000010 1111110000000000
1111010101000010 0111101001000101 0110110100001000
1111100100110100 0111100001100010 0111101111110000
1111011011101000 0111101000011100 1111110000000000
1111100100000000 0111101111100111 1101100100000000
1110111100111110 0111001101010101 1111011111100100
1111010101010101 1111100000101010 0111011101001000
1110011111011100 0111011010111011 1110111010010000
1111010011010111 0110101100010000 0111010101010000
1111000011011101 1111101101101111 0111010111001110
0111010100100011 0111100010011010 0110111101101100
1111101000010110 1111101101000010 1111101011010100
0111101101111000 1111010000011011 0111011000111110
1111100100011011 0111101010100110 1111001111101010
1111011011010011 0110110000100001 1111110000000000
1111100000011110 0111101111101100 0111101100101011
0111101011111010 0111010001011000 1111110000000000
1111101010111101 0111000011010001 0111100101101011
1111100101110001 1111001000100100 0111001000101100
1110001010110010 1110111111000111 1111010111001011
1111011101111100 1111011110011001 0111011110011100
1111101000010101 0111010011000100 0111110000000000
0111100101010100 1111010011011100 1111100110001001
0111100101010111 1111101010110101 1111101011111010
1111100000110010 0111000011011011 1111000001001110
1111100110001011 1111100110110001 1111101110001010
1111100101100101 1111100111010100 1111011101100110
1111010100100110 1110111110101110 0111010111001100
0111100010000110 0111101101101010 1111000101111000
0111100110111010 1111000011001110 1111010111111000
1111011100000001 0111101010101101 1111110000000000
1111000101001000 0111001000111001 1111110000000000
0111010110100010 0111101110100011 1111011100010001
0111001000101000 0111011101000101 0111110000000000
0111100101100101 1111000110010111 0111100010000111
0111100111010010 0111101110111001 0111011001011010
0110011110001000 0111101111100001 0110011110001000
1111100101111101 1111011101001011 0111110000000000
0111100101011110 1111100011101110 0111100100101100
1111101101010010 0111101000101110 0111100000000000
0111101010011011 1111010111001000 0111110000000000
1111101100010001 0111100100011110 0111110000000000
0111000101000010 1111100100011001 1111110000000000
1110101001010100 1111011000010100 0110101100000000
0111100011001100 1110100101110101 1111000010010000
1111101001110001 1111010100001111 0111011101101110
1111101110011000 0111100001110101 1111001111001100
1111001010100101 0110100111100100 1111011110010010
1111000010100010 0111100111000011 1111011011011110
0110111010110101 0101111010001111 0111100001110101
1111010101001000 0111011010110010 1111110000000000
0111101011011111 0111101101011000 1111011001000110
0111010001010110 1110101011101010 1111000100101100
0111010000001011 1111010111101100 0111100010011011
0111100111110000 1111010100000111 0110111100011101
1111101000010000 1111100001110100 0110110110101000
1111100010010111 1111101100011101 0111110000000000
0111011100011010 1110101011011110 0111001011110010
1111101001101101 1111010000100001 1110111110000100
1111010010111001 1111000010100010 0111011011011010
0111000111001110 1111101011011100 1111110000000000
0111011011111000 1111010111011100 1111110000000000
0111101000001100 0111011111100101 0111011000111111
1111011101001111 0111010100100110 1111110000000000
0110010010100101 0111100010011111 1111011100001010
0111010101100001 0111011000000001 1111100101101001
1111010110100101 1111011110011111 0110110001110000
0111100000110000 0111101111010011 0111110000000000
1111100111001111 0110100100110101 1111000001010010
1111001010101001 1111011101001001 0111100011000100
1111100101000101 1111010011111111 0111100110110001
1111010111011100 1111100001111001 1111101010100010
0111101011011000 1111011110000110 0111110000000000
1111100100100111 1111011100101001 1111100101111100
1111010001011001 0111101110000110 1111100101001110
0111101001100110 1111000011101100 1111101111000100
0111010011101100 0111100100100100 1111101101100111
1111100110011000 0111100000101011 0111011000101010
1111101110011101 1111101101111011 1111110000000000
0110111110000110 1111010111110000 0111100101011010
1111100111001100 1111001001011000 0111100100101011
0111101011011001 1111101111110011 0111101110011010
1111101000100100 1111010001000111 1111000110110100
0111100000001010 1111100001010111 1111110000000000
0111100000111100 1111010000111101 1111010000001111
0111100010011101 0110010011101100 1111101101100010
0111100110101001 1111100010101011 1111000001101000
1111010110101111 0111101101001000 1111110000000000
0111101110101010 1111010101100111 1110100011010000
0111011000100000 1110111100011110 0111010000111100
1110111110010110 0111000111100110 0111100011000100
0111100001110101 0111011111111111 0110111111110000
1110100000010000 0111000110001110 0111100001110001
0111100000000001 0111010101001011 0111100011110111
1111100100001010 0111100000000010 0111010001011001
1110111101011011 1110111010010100 0110110000110110
1111101010101101 0111100010111010 0111110000000000
1111011100111111 1110110101111001 0111000010001010
0111101110010010 0111101101010110 0111101010100110
0110100101011000 1111011111001111 1111000000100000
0111100010101000 0111000111100010 1111001011110111
0111100000010001 1111101101000111 1111001111001100
1111101111010110 1111100011000100 1111100001001110
1111010101011011 1111010110100110 0111110000000000
0110010110110000 0111001000110100 1111011100100100
1111010010100010 1111011001011010 0111101000100000
1110110100101111 1111010010001101 1111011001101100
0111000010110010 1111101101101111 1111110000000000
0111100000001101 0111100101110100 1111100110000000
1111010000111100 0111000111111100 0111001011101010
0111101000011000 1111101011100110 1111100101111110
1111011111111001 1111101110100000 1111010111011000
0111100000011010 0111100010111011 1111101001000011
1111101011011001 0111100101111000 0111110000000000
0111000110011001 1111101000110110 1110110011111000
0111011110011110 1111101000011011 1110111001110000
0111010101111101 1111101000100000 1111110000000000
0111100101000001 0111100111011011 0111110000000000
0111000011001010 0111101010001101 1111000110000100
0111101111011011 0111101110111001 1111100011010000
0111011001001100 1111010111010011 1111010010011000
0111000111101111 1110111000010010 1111011011000100
1111001111111100 1111100111101010 0111110000000000
1111101000011001 1111100011010001 0111101110111111
1111101110001001 0111001111111110 0111110000000000
1111100100011011 1111101100011001 0110011110010000
1110111110110001 1111011010010100 0110110111001100
0111011100001111 0111101000000000 1111101111101001
1111100011000000 0111011000011011 1111110000000000
0111100111100111 0111100101111101 1111100110001010
1111001011100010 0111100101001110 1111110000000000
0111100001011100 1111000101100000 1111100001000000
1110110001101000 0111100000000111 0111110000000000
0111010101110001 0111010100001001 1111001011001100
1110111111110100 1111011100000111 0111110000000000
1111011001001010 1111100111010101 0111011100101100
1111100100001101 1111011111110000 0111011000001000
0111000010010100 0111101001110010 0111011011110100
1111010000000110 0111100001101000 0111100100111101
1111100010011101 0111001010100100 1111100010000010
1111100011101001 1111100010010111 1111110000000000
0111100101001110 1111100101001011 1111110000000000
0111100000110110 1111100001110001 0111101110010111
1111100101111010 0111101010011001 0111010011001010
0111100111111000 0111010111001010 1111010111101000
0111001100100001 0111011101100110 1111110000000000
1111101001100011 1111000000000100 0101011000000000
0111010101001111 0111101110100111 1110011101100000
0111100011011101 0111010101111000 0111000001111100
1111101011110010 0111101010011101 0111110000000000
1111100100110110 0111100111000011 0111100101111011
0110111110010000 0111101011110000 1111101101100100
1111011011010111 0111100001011100 0111110000000000
1111100001100111 1110110100001100 0111101110011001
0111011001011011 0110111100000110 1110100101010000
0111010011010100 0111100001000100 0110110001101000
0111101011101100 0111100010010111 0111101111100010
0111101101001011 0111010011111010 0110111110001000
0111011000110001 1111000100111010 1111100100001000
1111010100001000 0111010110011111 0111100000001110
1110110101011001 1111011001111010 0111101010101110
0111101000111101 1111011000110110 0111110000000000
1111011111100010 1111011001000110 0111110000000000
0111011000001100 0111101001101000 0111001100101000
0111010001001000 0111011010100110 0110100010111000
0111011001011101 1111100111000001 1111011111010000
1111101000000100 1111000101111100 0111011001000100
1111101010101011 1101110101001010 1111101100010100
0111010000001000 0110100011010011 0111110000000000
0111011011111000 0110010100001111 0111100101110111
0111101000101000 1111010110010011 1111010100100110
0111011000001100 0111100000011011 1111101101100011
1110001111011100 1111101111011011 1111101010110101
1111100001010100 0111011010000000 0111010010100010
0110101111011111 1111010101100011 0111011101001000
1111100000000111 1111100100011001 0111011010111110
0110110010111100 1111000000000110 0111101100100001
0111010010100001 0111010111001101 1111101111111010
1111101011011001 1111101001010010 1111000001010000
1111100010101011 1111010100010111 1111010001101000
0111101000100000 1111011001001011 1111110000000000
1111010011011001 0111100110001001 1110101010100000
1111100100010001 1111100101001011 0111100100110111
0111101111011001 1111000101000110 1111110000000000
0111010100001010 0111011000010011 1111101100110110
0111100011111011 0111101110111101 0111010111110110
0111000011001000 0111101011000100 0111011000111010
0111101000110001 1111101011001111 1111110000000000
1111100000001010 1110111101000110 0111101010001000
1111100011000001 0111100110101100 0111100110001110
0111100001101100 0111100000111001 0111110000000000
1111011101011110 0111101011100101 0111101111110110
1111101010111010 0111010010101000 1110110011110000
1111101010000000 1111011110011010 1111100011110010
0111100101001111 0111000100010001 0110111101011000
1111100110111100 1111011101111100 0111110000000000
0111010101010001 1111010011111100 0111011001101100
1111101001101011 0111001000101101 1111100001100110
1111100000101101 1111100101000111 1111110000000000
1111100000010001 0111100100101011 0111101010010011
1111101010000011 0111100111101010 1111110000000000
0111100100101111 0111001100111110 0110010101010000
0111001010000101 0111000001100011 1111100011100000
1111011001111100 0110111100010100 1111110000000000
0110101110010011 0111001101110000 0111000001101000
0111001111101100 1111101010001111 1110110011001000
0111010010100110 1111101100000101 0111101011111110
0111101100110101 1111100000111001 0111010101110100
0111011101101010 1111101011111100 1111010010110111
0110110101111001 1111011100110110 0111010010101010
0111100110010000 1111000011001010 1111100010010100
0111001100000100 1111001110111100 1111100010110010
1111101111010111 1111100010111010 0111010111111000
0111100000101111 0111101101100100 1111011010001110
1110000111000001 1111000110001000 1111010111011000
0111010001000110 0111100110100100 0111100001011110
0110010111001000 0111100100000100 1110010111000000
1111100111100011 0111101001001001 1111110000000000
1111100101110100 0111100011110111 0111110000000000
0111010000011011 0111011110100110 1111000111100100
1110111101111001 1111011000110000 0111101111000111
1111101010011111 0111100011110010 0111100100110010
1111101110100010 1111100000001010 0110101001100000
1111101000111001 1111101001011110 1110101111010000
0111101010110100 0111100001010110 0111100111100000
0111100101100110 1111100010101111 1111100000000111
1111000011111010 0111010011000001 1111001010110100
1110001000110110 1111101111110010 1111110000000000
0111101101001001 0111101100101101 1111110000000000
0111010110010101 1111000101000111 0111110000000000
0111100111110100 0111011001000111 0110110110111000
1111101000101100 1111011101001100 0111000010001000
1111101000111101 0111100100101011 1111110000000000
0111100101001111 0111100010101000 0111110000000000
1111100101111000 1111100110000110 0111000111100100
1111100111110110 1110111001110010 0111110000000000
0111100101100010 0111000011100100 1111110000000000
1111001001010010 1111010100010111 1111000001001000
0111100100100100 0111101010001111 0111110000000000
0111100001111011 1111101100010111 1111110000000000
1111011110100101 0110101011011100 1111101011000100
0111010101101100 0111100100100001 0111101010011011
1111101000111011 0111100011101000 1111100000100000
1111011100100011 0111100011000111 0111110000000000
0110101011000111 1111100011000010 1111010100111000
1111101111011011 1111011100101101 1111011011001010
0111100011111000 1111101000101111 0111101111010111
1111101011110111 1111011011100001 1111000101001100
1111101011111001 0111101011100000 0111000011011000
1111101101010111 0111100000000101 1111100001010110
0111100110000000 1110100011001011 1111110000000000
1111100100111101 1111100010101110 1111000011011100
0111100110111000 0111001000100111 1111110000000000
1111100010000000 1111101010010001 1110001001000000
1111100110101110 0111101110101010 1111011010100100
1111001111111011 0110010000011101 0111100100110100
0111101111000000 1111100001101000 1111110000000000
0111101101101110 0111011110001100 0111101101000001
0111101101010011 1111101101101100 1111110000000000
1111010101101111 1111101001010000 0111001111110000
1110101110111011 1110110111011101 1111001101111000
0111100010010110 1111101011010011 0111011010110000
1111010101100110 1111100100010101 0111110000000000
1111101110100100 1111010000110001 1110001001000000
0111001001011110 1111100001101000 1111110000000000
0111101111111111 1111001111101010 1111000011011101
0111100111011111 0111010100101011 1111010001111010
0111010101110010 0111100010001101 1111101111001000
0111101000101001 0110100010001000 1111110000000000
0111010110000001 1111010010111101 1111010110100010
1111100001000111 1111100011101110 0111101000000101
1111101110100010 1111101100101000 0111110000000000
0111010001011011 1111000011000100 0111101101000110
0111100001010101 0110111100100111 0111101001110001
0111000010111010 1111101100001000 0110101000100000
0111011100001101 0111100100010110 1111110000000000
0111011001011010 1111010110011101 1111110000000000
1111001011001000 0111100001000010 0110111111100100
1110010011011100 0111101010100100 0111100100111001
1111100110110000 0111100111110011 1111100111011010
1111010000101001 0111101111011010 0111110000000000
1111101011001101 0111000000111010 0110100111101000
0111100110111110 0111101111111111 0111010100100000
0111011011100001 1111000000111101 0111101001111110
0111100010110011 0111101001010100 0110100000110000
0111101101101101 1111100100111101 0111100111000110
0111010100001100 1111011101011001 1111100110111111
1111100110011010 1111011111101010 0111110000000000
0110101001100110 0111000100011000 0111010011000011
0111100011000111 0111011000100010 0111110000000000
0110001000111010 1111011111001000 0111010001100000
0111000011111001 1111011101001010 1111000010011010
1110111110000000 1111000110111111 1111110000000000
1111010100000000 0111010010000101 0111001010110001
0111010100001110 0111000111110111 0111101111011000
1111100100010011 0111011011100111 1111011110010111
0111000101110001 1111000111111011 1111010011001110
1110110100000100 0111011111100101 1111010010111111
1111101101001110 1111100010011111 1110011110110000
1111100110101010 1111000000000111 0111100000000100
1111100011000100 1111101100010100 1111001010000000
1111010010001110 0111101111111110 1110010001010000
1111101001000010 0111001000100010 0111011010100100
1111000000011100 0111100000100110 1111110000000000
1111101010000110 1111001100000110 1111101010101011
0111011111100011 1111101111010001 1111110000000000
0111101101010010 1111100110101000 0111100110110111
0111001001110111 0111100110110110 1111100010111010
1111100110001000 1111010010010000 0111011000111110
0110111100000100 0111101101110001 1111110000000000
1111011011000100 0110111010011001 1111011111000000
0111000101001000 0111100010000001 0111001010101000
0111011001000001 1111101100011101 0111101101010011
1111101011100010 0111011000000011 1111101111010000
0111000110001110 1111011111010001 0111110000000000
0111100100011000 0110110101010011 1111010100011110
0111010110011110 1111100110111011 0111100111010011
0111100100100001 1110100010100010 1111011111111010
0111001101110011 0111100101101001 1111011111000010
0111101110011010 0111011011010110 1111010100001010
1111101010001011 1110110011111100 0111100111000010
0111100011000110 0111010000100000 1111010111011000
1111101110000001 1111011000011010 0111100011010111
0111101101000001 1111010111001011 0111101101000101
0111100111110001 1111101101010101 0111110000000000
0111000111111011 1111011100010011 1111101100101010
1111000110010011 0111010011111001 0111101011010110
1110110100110001 1111100010001101 1111110000000000
0111101001101100 1111010111110011 0111100001011100
0111100011000110 0111010100000000 1111000110010000
0111010110101110 0111101010101001 1111010000010110
1111101010110000 0111101010011001 0111000001100000
1111010110110110 1111011010011100 1111100100110011
1111101000110010 0111100000111001 0111011011100110
0111101111101110 0111101100011011 0111101101000110
0110110001000110 0111100000110101 0111110000000000
1111100001110111 1111101100010011 1110000111000000
0111010001001100 0111101111110011 1111101000101001
0110111101000001 1111010111010101 1111001111100100
1111010111101100 0111101000100001 0111110000000000
0110101110011110 0111100011110101 0111100010111101
1111101010110011 0111101001011010 1111110000000000
0111101010111111 0111101111000101 0111110000000000
0110110010100101 1111101111011000 1111010000000101
0111011010011111 1111001010011100 0111011001010110
1111010010001010 0111011101000010 0111100101101110
0111100000000111 0111101100100000 1110100110010000
1111101111100111 1111001101100010 0111110000000000
0111010011110110 0111100111001111 1111101101000100
1111101101100100 0111101101101001 0111001010100010
0111011101111011 0111010000010001 0111000101110000
0111000011010001 1110111111101011 0111110000000000
1111101111010100 0111101001001011 1111110000000000
0110110011000100 1110110001010001 0111110000000000
1111101100110001 0110101110110101 0101100100000000
0111010101111110 1111100100000100 0111100111000110
1111101111001011 0111101011011110 0110011011100000
1111100111101101 0111001111110111 1111001000100100
1111000101011100 1111010101110010 0101111100110000
0111011110111000 1111101100100000 1111101010110110
0111010010010110 0111101010001010 1111010010001010
0111000001101011 1111101011100111 1110111101101000
1111001110000001 1111001000000010 1111011111100000
0110010000110101 0111101110111111 1111100000010000
0111010011110101 1111100101101100 1111011010001000
1110010011101101 1111011010100110 0111110000000000
1111011111010100 1111011100100000 1111100111001101
1111010100010001 1111000101000101 1111011011000001
0111001011011010 1111100001001011 0111101111100000
0111101001001001 1111100001011111 1111010111100100
1111100111101100 1111100111110110 1111011011110100
1111000100011011 0111100011001101 1111101101111010
0111011111101111 0111000001101101 1111011110110011
1111010101001100 1111000011110101 1111010100101010
1110110100001111 1111101111010010 0111001110101000
0111000101010010 0111101100001110 1111110000000000
0111010001011101 1111101011000000 0111011100001110
1111010101000000 0110100101000010 0111100100010010
0111010111001001 1111100011100001 1111011111000110
0111101100011101 1111100100010010 1111110000000000
1111101000101101 1111100101010010 0111110000000000
1111100001001101 1110110000011011 1111100010010010
1111000101000010 0110010000111000 1111010010011000
0111000000110000 1111000011011110 1111001111110100
0111101001010111 0111100000011110 0111010000010110
0111010110110100 0111011010001011 1111110000000000
1111101101110111 1111010110101100 1111100011010000
1111101100001000 1111011100101000 1111000010111011
0111100110010010 1111001001001111 1110010101110000
1111101110000111 0111100011111010 0111110000000000
0111011110110110 0111011000010010 0111101000011111
0111100001110100 1111100110100001 1111110000000000
1111101011001010 1111101100010110 1111110000000000
0111010100111111 0111101000001110 0111011111111110
1111100110100110 1111100101100111 1111010100011010
0111001111000011 0111011100000101 0111101011100100
1111100000101111 1111001110011010 1111000010110100
1111100110001001 1110111100011011 1111110000000000
0111011100000100 1111100110110000 0111110000000000
0111100001000101 1111100110011100 1111110000000000
0111100110111000 1110100100111000 0111100101110011
0111100011000010 0111100100101001 1111101000010101
1111100001000010 1110110101011001 1111101001101100
1110110101010100 1111100000100011 1111010001011100
0111100100001001 0111011101000000 1111000101011100
1111101000011000 1111010011101100 0111100101100101
0111010100001111 0111011010101100 0111110000000000
0111101101000110 1111010101000100 1111100011101101
1111100100001111 1111101001110011 1111100011001101
1111100000011101 0111100011000000 0111110000000000
1111101110100100 0111100110101100 1111110000000000
1111000011001000 1110110011101010 0111100111011101
1111000001110000 1111100010010011 0111100010100100
0111100100101110 0111101110001100 1111110000000000
1111011110000000 0111101100011110 0110110100011000
1111101111011100 1111000100101000 1111001111100000
1111101110111110 1111101110011000 1111001100111101
1111001000110000 1111000100100010 1111100110101111
0111011011011110 0111100000000000 0111110000000000
1111101011110111 1111101011111011 0111011010111100
1110100100100000 1111011101101001 1111110000000000
0111010111001011 1111100011011111 1111110000000000
0111010100101001 1110110000001111 1111010110101001
0111011000100111 0110101000001111 0111101101101111
1111100011010000 0111011111100001 1111110000000000
1111100101001100 1110111011000000 1111100000000110
1110011000111000 1111100000001000 1111001111101000
0111001001011001 0111100001000001 0111010000100110
1110011000100000 1111010010010011 0111011011101000
0111011111011011 1111101010000011 1110111100000000
1111001100110011 0111001010011010 1111101000100100
1111001111101011 1110110101101011 1111100000111001
0111100001000100 1111100011101010 0111100111010111
0111101110010001 0111101011011111 1111010011110101
1111011010110001 0111000011000000 1111010100101100
1111000101101010 1111101001010110 1110010011001000
0110100001000100 0101111011000001 1111010101010000
1111101110000111 1111010110011111 1110110100110000
0111100110001001 1110110101111100 0111110000000000
0111101000110000 0111010010100111 1111010001010001
0111000000001000 1111101111011010 1111101110110000
1111001110010110 1110110000011001 0110100100011100
0111000010101111 0111100110101010 1111110000000000
0111101101110010 0111101100001000 0111100011011010
0111101101101010 1111001100011111 0111110000000000
0111100101010111 1110101111011100 1111101011011000
0111101100011010 0111101011111001 1111010011010001
0111100101011010 1111100101001000 0111101011010101
0111100001100000 0111100000011011 0111110000000000
0111000010100010 1111000101010000 0111100110100011
0110110010011111 1111011111111001 0111100011011010
1111010101101100 0111100010100101 0111110000000000
1110010101001001 0111011010001111 0110000010000000
1110111010101000 1111101001010100 0111110000000000
0111000001001001 1111100110001000 1110010101110000
1111010011011111 0111010000111001 1111011011010010
0111001100110001 0111000100111111 0111001110111100
0111100011001110 0111101110010111 0111011000111011
1111011100100001 1111001101101100 1111101100101001
1111101000010110 0110100000000100 1111100001110110
1110110011010001 1111100000111011 1110100100110000
1111100101111001 0110110010010100 0111011000111000
0111011001010111 1111101011100101 0111110000000000
1111011100101001 1111101111110010 1111100101101011
0111100111101110 1111100110111101 1111100111010110
1111001100110111 1111100110011101 1111100011010101
1111011111111000 1111101111100100 1111100011100111
0111100110101001 1111100100000001 1111011101110100
1110111001011101 0111000010100100 1111110000000000
1111100001101100 1111100110101000 0110011000100000
1111100111110011 1111101111001110 1111101101101010
0111000110011100 0111100111011110 1111110000000000
1111100100100000 1111011001011010 0110110101000000
0111000011010110 1111100110010110 0110100111011000
1111010111000110 1111011110100110 1111110000000000
0111011011011000 1110000011110000 1111110000000000
1111101101010100 0111001101111111 0111101101000101
1111101111110101 1111001001000100 1111110000000000
1111010001011011 1111101000001111 1111100001100001
1111100011110101 1111001100001100 1111101010110110
1111100110000011 0111010111000101 0111011010110001
1111011011000110 0111011010101100 1111100101110101
0110010000101011 0111101100000101 1111110000000000
0111101000101010 1111011101100001 1111110000000000
1111101100011001 1111100001110100 1111101010111000
1110111101010010 0111100101010101 1111010101000010
0111011111101000 1111100011110001 1101111010000000
1111000001010101 1111100101101010 0111101100100110
1110111000000100 0111101001000011 0111010011110100
0111100100001101 0111000010011000 1111110000000000
0111011000000000 0111101111011001 0111100001101011
1111100010000010 0110101110000010 1110111111101000
0110111101001100 0111100101100110 1111101001111111
0110111110000010 0111100001010101 0111100110000011
0111010101000101 0111100010011100 0111101000110011
1111010001100110 1111101111000001 0111110000000000
1111100001010111 0111101011010000 1111100000001010
0111001100010000 0111001101111111 0111101001001111
1111100011001000 1111101001100101 0111100101000101
1111010111101111 0111011101111111 0111101100111110
1111011101011100 0110110101100001 1111110000000000
1111101001001110 1111010010110111 0111010011110010
1111011011100011 0111100000001111 0111011101000111
0111001010001000 0111001001000000 1111110000000000
1111001011110110 0111001000010000 0110111001000000
1110011001001000 0111000000010010 1111011000000100
0111100100001110 0111101111011000 1111110000000000
0111100011000110 1111011001000110 0110110011110000
0111101011011010 0111010101010011 0111011001100100
0111100100111101 0111100001011110 1110011100110000
1110110000110111 1111100000101011 0110111010010010
1111010100110010 1111100110001111 0111110000000000
1111000001001100 1110100001011100 0111001010001100
1111101100010000 1110111011100000 0111110000000000
1111001010011100 0111010011101110 0111110000000000
1111011111110101 0111101100110010 1111100010110001
0111000001100010 0111101010001101 1111110000000000
1111100000100010 1111101010101110 1111000101100011
0111101101101110 0111101110110110 1111101111101100
1111100111100110 1111010100111011 0110111010000000
1111011100100100 1111100101000011 0111011001110000
1111101000000010 1111011011100010 0111101110100101
1111101100010000 0111101110100010 1111110000000000
0111000110011011 0111000011011011 0111110000000000
1111100011101111 0110110110011100 1111110000000000
0111010010010010 1111101100011011 1111110000000000
1111011000010110 0111010110000101 1111110000000000
1111101010111001 1111101111010010 0110110010010000
1111100100001111 0111000011011000 0111010100111011
0111101000010010 0111100101101110 1111100000111100
1111100110101111 0110111100001101 1111100011010010
0111101011101011 1111011111101110 1110100010001000
1111001101101101 1111010000100010 1111110000000000
0111010111000001 0111100001000010 1111011110110010
1110111110110010 0111100001100001 0111110000000000
1111010100111111 1111101100011001 1111100011001110
1111100001011001 0111101011101010 0111010111101000
1111010010100100 1111100110001101 1111011111011000
1111000101001100 0111101101100000 0111101100100010
1111000100011000 0111101010111101 0111011011010110
0111100000001100 1111010101010100 1111110000000000
0111000000101100 0111101111101001 0111010100100010
0110111000011010 0111101110100000 1111101111011111
1111010111111001 1111101101010110 0111101000001101
0111010010111010 0111000011001110 0111100101110111
0111100000000101 0111101101101011 0111000110001000
1101111010011110 0111101101001100 0111110000000000
1111011000110100 0111001110000011 0111110000000000
1111010011100101 1111100111111111 1111110000000000
1111100011111010 0111100100101001 0111011100100001
1111010011100001 1111010000011111 0111110000000000
0111101111101100 1111001010011101 0111101100111111
0110101111000100 0111101110011011 1111000011100110
0111011100010010 0111100011110010 1111110000000000
1111100010110001 0111010010101101 0110010111100000
0111100010110100 1111100110000001 1111100010000000
1111100110010101 1111101110100110 0111101001000101
1111011111010110 1111101111011011 0111110000000000
1111100010101010 1111010100010010 0111110000000000
0110011010000110 0111101010010001 1111010010110110
1111001011101111 1111101011000000 1110111001101000
1111100011101001 0110111001010011 1111110000000000
1111101001111000 1111010110110101 1111110000000000
0111101110110000 0111010100001000 1111101100110011
1111101100101100 1111100111001011 0111101011000101
0111100001101110 1110100100011000 1111110000000000
0111100010111010 1111101100011111 1111100000011111
1111100100111010 1111011000111000 1111110000000000
0111100011110100 0110101101100010 0111110000000000
0111101010000110 1110101010010010 1111110000000000
1111100000110100 0111101010010100 0111100000011101
1111101110111011 1110111111010010 1111010011001010
1110101111010100 1111100101100001 1111110000000000
0111101000100111 0101111100111101 0111100101101010
1111000010000101 0111100100001100 0111101000011101
0111100000010000 1111001000110110 0111010011000000
1111100110011111 0111100001000111 1111110000000000
0111101000101110 0111100100011111 1111100111011110
1101101111111001 0111000101000001 0111101000110101
1111101101110011 0111011000011111 0111011111010110
1111011011111010 1110111110010010 0111010100000110
1111010011100001 1111101100010000 1111000101100000
0111000000001011 0110001001001111 0111110000000000
0111001100010100 0111011000000011 0111000100100010
1110110011111111 1111101001001111 1111100001100100
1111100000100010 0111101110011111 1111100001101111
1111101111101010 1111100010000101 1111110000000000
1111101110011001 0111100100111110 0111000001101111
1111101011010011 0111000001101111 0111100011000110
0111000111011000 1111000111010000 1111101011101110
0111010110111011 0111011011110000 0111011011111010
1111101010110011 0111001101100011 1111110000000000
1111001010010100 1101110010101010 1111010010110110
0111001001110001 1111101110011110 1111100110111000
0111010011111001 1111011101001000 0101010000000000
1110111010000100 1111101000100101 0111101001010101
0111101011110010 0111010101110110 1111100011011011
1111101001110010 0111011110100111 1111001010111001
0111011011101011 0111101000101111 1111101000000010
1111101000000000 1111101011100011 1111000010011110
1111101100100111 0111100010110011 1111101011110101
0111100111111010 1111010111001011 0111110000000000
1111011011000100 1111010010101110 1111010100111110
0111001100011101 1111101100101001 0111110000000000
1111100011000010 1111010110000000 1111110000000000
0111010101000011 0110001110001110 1111010011101000
0111001000000111 0111101110000000 0111011000101010
1111100101000101 0111100011101111 1111100110111001
1111100010010110 0111101011000111 1111100101100010
1111101000111010 0111001111110010 1111101110000010
1111100000001111 1111010110101101 0111010101111111
1111101111011010 0111100100111001 0111110000000000
0101111111101011 0110111011011000 1110100101100000
0111100110000001 0110110111111111 0111010001100010
0111101001010101 1111101010011101 1111100000111110
1111000000001111 0111100100001101 1111101011100101
0111100110011001 1111100111101100 1111010101000010
1111001111010111 0111100101010101 0110111101010110
0111010000001110 0111100000111110 0111101001000000
1111101111100101 1111101010011110 1110100010000000
0111101000101001 0111101011111110 0111100000001010
1111101000001111 0111000010000000 1110100100110000
1111101101100110 1110000111111011 0111011011000000
1111011011000011 0111011100010110 0111101001000101
1111000000101110 0111101011000111 1111110000000000
0111011000110111 0111101111110010 0111110000000000
0111100100110000 0111100011100100 1111100011101111
0111100110010010 0111101111100101 1111101101111101
0111101000110101 0111101110111110 0110010100110000
1110101101101110 1111101001111011 0111100110111100
0110110110001110 0111001111010100 0111110000000000
0111100101010110 0110000001101111 0111110000000000
0111011111100101 1111011001110011 0111110000000000
1111001110100010 1111101011011100 0111110000000000
1111010100110110 1111010011000000 1111101011110001
1111100001100100 1111100111001000 0111010101001101
0111101111000010 0111010000111001 0111100101100111
1111100010001010 1111011100001001 0110110111001000
0111101100110010 1111011011101110 1111110000000000
0111100011011011 1111101000010100 1111100011111011
1111101110011011 0111100101101011 1111110000000000
0111010010000000 0111101101101101 0111110000000000
0101110010101001 0111101111111000 1111110000000000
0111011101011011 1110110000111101 0111011101110110
1111100111011000 0111101011010010 1111000011100100
1111101010011111 0111010110100011 1111010001100000
0111010011001001 0111010111101100 0111110000000000
0111101011110010 1111011100011001 0111110000000000
0110100110110010 0111010100011011 0111011001001100
1111000101000000 1111101000010011 0110111111010000
0111101011111010 0111011100010110 1111011110011100
0111100010011101 1111100011011000 0111100101011010
1110111100001011 0111101011000101 0111011011001100
0111000101101110 1111100011001011 0111010111010001
0111100010010011 0111010011000101 1111101101100011
1111001100110111 1111101111000010 0111110000000000
0111010101110000 1111010000111110 1110011101100000
0111011111001101 1101110001111000 0111100111100100
1111010000111110 1111010000101100 1111011011100000
0110001001100101 1111011101000011 0111101011110101
0111010111000000 1111010000111110 1111110000000000
1111001111100110 1111000110011111 0110110011001000
1111000011011011 1111101000111010 0111011110111100
1111100111001101 0111101111110011 1111100000110101
0111101010110010 1111010101101011 1111011100010000
1111011101101010 0111011111011101 0110111000001000
0111100101111100 1111101110010000 1111011011000010
0111010111100011 0111010011110000 1111101101110000
0111100001011010 1110011000000011 0111010001001100
0111101110100000 1111010001100010 0111011111111010
0111100011111010 1110111011111100 0110011100110000
0111101011010100 0110010110010010 1111010000101000
1111101111110110 1111011100101101 0111100101101001
1111000000101001 0111011010111101 0111100000101010
0111000111111110 1111100100100011 0111100101101111
0111011110111001 0111100110011111 0111100000011011
0110111000010011 0111101111111111 0111101100000000
0111100010010100 0111101110011110 1111110000000000
0111100010000101 1111010011111011 0111010010101001
1111001010001010 0110100010010010 1111011101001000
1111001000011100 0111000001101110 0111110000000000
1111101101110111 0111101000000010 0111110000000000
0111101010011111 1110111010000001 0111110000000000
0111101000011100 1111101100011101 0111010000010000
1111100000000010 1111011100011001 1111000101100110
0110111001101010 0111011101001001 1110101010111000
1111100000111100 1111010111100001 1111000111010100
1111001111100001 0111101011100101 0111100111001111
1111101010000101 0111011100110110 1111000000000100
1111100011100000 0110111000011010 1111101110001110
0111000011010111 0111100000001001 0111100001110001
0111101001001001 1110011010001011 1111101100101100
1111100100110110 0111011110010100 0111100011101101
1111101111100101 0111100001110111 1111010111010100
1111100000101101 1111101011010010 1111100000011101
1111101100101010 0111001110101000 0111100100111110
0110100000010010 0111101011011101 0111101000010101
0111001110001001 0111100000010001 1111000110110000
1111011000010101 1111101101111101 1111011011011100
1111010011110000 1111100001111110 1111110000000000
1111100110110111 1111100110110110 1111100101000000
0111100001111001 1111011010101110 0111101100011110
0111101111000100 0111000111111111 0111100111110011
0111100001110010 0111100010001000 1111110000000000
0111101011100110 1111010100011100 1111101011110110
1111101010001001 0101110110101100 1111110000000000
0111101011100100 1111101011110110 0111000010001000
0111101100001110 1111001010010000 0111110000000000
0110111010111001 0111101110110101 0111110000000000
1111100000101110 0111101110101110 0111100001011000
0111101011101011 1111100001001010 1111101001111110
0111100001010010 0111001001011001 1110000010000000
0111010101000100 0111100100100001 0111100101101010
1111101011111110 0111101010101011 0111110000000000
1111011000010000 1111001101111101 0111011100000000
1110110110001000 0111100001100101 0111010101000010
0111010110000100 1111101001000101 0111100111101000
0111011000001111 1110111111111001 0111101111000011
0111101111100100 0111011100000000 1110100100110000
1111010100011011 0101100101111000 1111100011100111
1111010111100101 1111100101101011 0111011101101000
1111100001111011 1111100011011110 1111011100000110
1111011010011010 1111101111001010 0111010000010001
0111101111101100 0110010101010001 0111110000000000
1101001100101110 0111011001110100 1111010100010001
0110110100000110 1111011111011000 1111110000000000
0111011001010101 1111100100101000 1111110000000000
1110101100010011 1111010110010100 1111110000000000
1111011000111010 0111100000001100 0111110000000000
0110110100101110 1111100011000101 0111011001110001
0111100100111100 0111011000010011 1111011010010111
1110110110110000 1111100010100110 1111001111111000
1111100001100011 0111101111010011 1111011001110110
1111001011011110 0111101011110001 0110111101111000
0111011010000110 0111001000110000 1111100000100000
1111010000001000 1111011011100100 0111110000000000
0111011110101000 0111100001110001 1111100101011100
0110100110111001 0111101110101111 0111011011100000
1111011010001011 0111011100011110 0111100100111010
1111100011111010 0111100100101011 0111100011001111
0111101101000010 0111101110100000 1111100101110110
0111101101010000 1111100001101011 0111110000000000
1111011110001100 1111011111010001 0111110000000000
1111000110100110 1111100110110110 0110100010011000
0111000000110111 0111000111000010 0110011000100000
1111000100101001 1111100000010111 0111110000000000
0111011000110010 1111100100110100 0111010111001010
0111011001010111 0111010100100101 1111101110101110
0111100000101100 1111101000110001 1111101100011111
1111100111010110 0111001111110110 0111010011111100
1111101110110101 0111101101010000 1111100101100001
0111010000110011 0110110101100101 1111010000110110
0111001010100001 0111101010100111 0111100110111110
1111101101110101 0111100111000000 1111010000001010
0111100101011101 0110010000101011 1111011110110010
1110111010101010 1111001111000001 1110101001010000
0111100010110001 1111100110111010 0111010110001100
0111100010001001 0111101111000110 0111110000000000
1110111010011101 0111101010000111 1111001011010100
1110110000110011 0111101000011010 0111100101111110
0111100010011101 0111101111011101 1111010110001011
1111011001010011 0111011101100000 1111000000100100
1111100100000100 0111101000000100 0111110000000000
1111101110001011 0111010101100110 0111100110110100
0111010110111010 1111011110011111 0111100110010100
1111100010000011 1111101000010001 0111110000000000
0111101010110001 0111100001110101 0110110000110100
1111000010001011 1111101111000110 0111000000000000
